idRandomization,numberOfNodes,benchmark,bytesPerBlock,replicationLevel,bytesPerRank,blocksPerPermutationRange,promilleOfRanksThatFail,iterations,real_time,cpu_time,time_unit
TRUE,128,pullBlocksSmallRange,64,4,16777216,1,10,1,860.337,1016.85,ms
TRUE,128,pullBlocksSmallRange,64,4,16777216,1,10,1,862.541,974.864,ms
TRUE,128,pullBlocksSmallRange,64,4,16777216,1,10,1,1031.39,1143.72,ms
TRUE,128,pullBlocksSmallRange,64,4,16777216,1,10,1,862.539,968.765,ms
TRUE,128,pullBlocksSmallRange,64,4,16777216,1,10,1,863.112,975.873,ms
TRUE,128,pullBlocksSmallRange,64,4,16777216,2,10,1,746.189,848.403,ms
TRUE,128,pullBlocksSmallRange,64,4,16777216,2,10,1,746.86,850.215,ms
TRUE,128,pullBlocksSmallRange,64,4,16777216,2,10,1,745.825,855.199,ms
TRUE,128,pullBlocksSmallRange,64,4,16777216,2,10,1,746.049,836.1,ms
TRUE,128,pullBlocksSmallRange,64,4,16777216,2,10,1,746.122,840.056,ms
TRUE,128,pullBlocksSmallRange,64,4,16777216,4,10,11,149.558,157.755,ms
TRUE,128,pullBlocksSmallRange,64,4,16777216,4,10,11,147.907,157.326,ms
TRUE,128,pullBlocksSmallRange,64,4,16777216,4,10,11,163.578,172.434,ms
TRUE,128,pullBlocksSmallRange,64,4,16777216,4,10,11,187.184,196.935,ms
TRUE,128,pullBlocksSmallRange,64,4,16777216,4,10,11,148.667,156.807,ms
TRUE,128,pullBlocksSmallRange,64,4,16777216,8,10,19,40.8611,46.3268,ms
TRUE,128,pullBlocksSmallRange,64,4,16777216,8,10,19,34.4482,39.8023,ms
TRUE,128,pullBlocksSmallRange,64,4,16777216,8,10,19,36.8995,42.2913,ms
TRUE,128,pullBlocksSmallRange,64,4,16777216,8,10,19,37.1866,42.5226,ms
TRUE,128,pullBlocksSmallRange,64,4,16777216,8,10,19,37.1097,42.4962,ms
TRUE,128,pullBlocksSmallRange,64,4,16777216,16,10,40,21.1456,24.0212,ms
TRUE,128,pullBlocksSmallRange,64,4,16777216,16,10,40,21.4434,24.2636,ms
TRUE,128,pullBlocksSmallRange,64,4,16777216,16,10,40,21.3692,24.1964,ms
TRUE,128,pullBlocksSmallRange,64,4,16777216,16,10,40,20.7972,23.6206,ms
TRUE,128,pullBlocksSmallRange,64,4,16777216,16,10,40,21.5767,24.4259,ms
TRUE,128,pullBlocksSmallRange,64,4,16777216,32,10,71,11.7263,13.2765,ms
TRUE,128,pullBlocksSmallRange,64,4,16777216,32,10,71,12.151,13.6948,ms
TRUE,128,pullBlocksSmallRange,64,4,16777216,32,10,71,11.8571,13.3927,ms
TRUE,128,pullBlocksSmallRange,64,4,16777216,32,10,71,12.2359,13.7869,ms
TRUE,128,pullBlocksSmallRange,64,4,16777216,32,10,71,11.9737,13.5439,ms
TRUE,128,pullBlocksSmallRange,64,4,16777216,64,10,114,7.75754,8.75676,ms
TRUE,128,pullBlocksSmallRange,64,4,16777216,64,10,114,7.27804,8.26767,ms
TRUE,128,pullBlocksSmallRange,64,4,16777216,64,10,114,7.32394,8.31287,ms
TRUE,128,pullBlocksSmallRange,64,4,16777216,64,10,114,7.33577,8.31304,ms
TRUE,128,pullBlocksSmallRange,64,4,16777216,64,10,114,7.2727,8.25593,ms
TRUE,128,pullBlocksSmallRange,64,4,16777216,128,10,129,5.59602,6.56298,ms
TRUE,128,pullBlocksSmallRange,64,4,16777216,128,10,129,5.54403,6.58975,ms
TRUE,128,pullBlocksSmallRange,64,4,16777216,128,10,129,5.55543,6.5231,ms
TRUE,128,pullBlocksSmallRange,64,4,16777216,128,10,129,5.57599,6.50376,ms
TRUE,128,pullBlocksSmallRange,64,4,16777216,128,10,129,5.69919,6.6032,ms
TRUE,128,pullBlocksSmallRange,64,4,16777216,256,10,213,3.22491,3.84185,ms
TRUE,128,pullBlocksSmallRange,64,4,16777216,256,10,213,3.31384,3.8575,ms
TRUE,128,pullBlocksSmallRange,64,4,16777216,256,10,213,3.35379,3.92708,ms
TRUE,128,pullBlocksSmallRange,64,4,16777216,256,10,213,3.37836,3.98505,ms
TRUE,128,pullBlocksSmallRange,64,4,16777216,256,10,213,3.33827,3.93732,ms
TRUE,128,pullBlocksSmallRange,64,4,16777216,512,10,261,2.65113,3.10548,ms
TRUE,128,pullBlocksSmallRange,64,4,16777216,512,10,261,2.65873,3.15852,ms
TRUE,128,pullBlocksSmallRange,64,4,16777216,512,10,261,2.70472,3.16681,ms
TRUE,128,pullBlocksSmallRange,64,4,16777216,512,10,261,2.57785,3.03108,ms
TRUE,128,pullBlocksSmallRange,64,4,16777216,512,10,261,2.50411,3.02822,ms
TRUE,128,pullBlocksSmallRange,64,4,16777216,1024,10,291,2.32765,2.74826,ms
TRUE,128,pullBlocksSmallRange,64,4,16777216,1024,10,291,2.35105,2.7852,ms
TRUE,128,pullBlocksSmallRange,64,4,16777216,1024,10,291,2.37843,2.82391,ms
TRUE,128,pullBlocksSmallRange,64,4,16777216,1024,10,291,2.41642,2.86261,ms
TRUE,128,pullBlocksSmallRange,64,4,16777216,1024,10,291,2.4261,2.87302,ms
TRUE,128,pullBlocksSmallRange,64,4,16777216,2048,10,281,2.32343,2.75124,ms
TRUE,128,pullBlocksSmallRange,64,4,16777216,2048,10,281,2.37786,2.84587,ms
TRUE,128,pullBlocksSmallRange,64,4,16777216,2048,10,281,2.42557,2.83992,ms
TRUE,128,pullBlocksSmallRange,64,4,16777216,2048,10,281,2.38093,2.84873,ms
TRUE,128,pullBlocksSmallRange,64,4,16777216,2048,10,281,2.35053,2.8183,ms
TRUE,128,pullBlocksSmallRange,64,4,16777216,4096,10,296,2.27328,2.66214,ms
TRUE,128,pullBlocksSmallRange,64,4,16777216,4096,10,296,2.25043,2.65444,ms
TRUE,128,pullBlocksSmallRange,64,4,16777216,4096,10,296,2.25093,2.63318,ms
TRUE,128,pullBlocksSmallRange,64,4,16777216,4096,10,296,2.27505,2.65877,ms
TRUE,128,pullBlocksSmallRange,64,4,16777216,4096,10,296,2.27975,2.64194,ms
TRUE,128,pullBlocksSmallRange,64,4,16777216,8192,10,294,2.32807,2.69063,ms
TRUE,128,pullBlocksSmallRange,64,4,16777216,8192,10,294,2.29231,2.67721,ms
TRUE,128,pullBlocksSmallRange,64,4,16777216,8192,10,294,2.30377,2.70384,ms
TRUE,128,pullBlocksSmallRange,64,4,16777216,8192,10,294,2.29507,2.66054,ms
TRUE,128,pullBlocksSmallRange,64,4,16777216,8192,10,294,2.32898,2.70053,ms
TRUE,128,pullBlocksSmallRange,64,4,16777216,16384,10,298,2.32414,2.71402,ms
TRUE,128,pullBlocksSmallRange,64,4,16777216,16384,10,298,2.33148,2.70936,ms
TRUE,128,pullBlocksSmallRange,64,4,16777216,16384,10,298,2.3063,2.66547,ms
TRUE,128,pullBlocksSmallRange,64,4,16777216,16384,10,298,2.28858,2.68567,ms
TRUE,128,pullBlocksSmallRange,64,4,16777216,16384,10,298,2.34433,2.72806,ms
TRUE,128,pullBlocksSmallRange,64,4,16777216,32768,10,271,2.3893,2.78446,ms
TRUE,128,pullBlocksSmallRange,64,4,16777216,32768,10,271,2.46821,2.84209,ms
TRUE,128,pullBlocksSmallRange,64,4,16777216,32768,10,271,2.41915,2.81498,ms
TRUE,128,pullBlocksSmallRange,64,4,16777216,32768,10,271,2.41698,2.80841,ms
TRUE,128,pullBlocksSmallRange,64,4,16777216,32768,10,271,2.43831,2.82008,ms
TRUE,128,pullBlocksSmallRange,64,4,16777216,65536,10,260,2.54015,2.9976,ms
TRUE,128,pullBlocksSmallRange,64,4,16777216,65536,10,260,2.53986,3.0074,ms
TRUE,128,pullBlocksSmallRange,64,4,16777216,65536,10,260,2.58525,3.04325,ms
TRUE,128,pullBlocksSmallRange,64,4,16777216,65536,10,260,2.57778,3.04116,ms
TRUE,128,pullBlocksSmallRange,64,4,16777216,65536,10,260,2.54971,3.02686,ms
TRUE,128,pullBlocksSmallRange,64,4,16777216,131072,10,220,3.13947,3.66899,ms
TRUE,128,pullBlocksSmallRange,64,4,16777216,131072,10,220,3.1246,3.6275,ms
TRUE,128,pullBlocksSmallRange,64,4,16777216,131072,10,220,3.11466,3.63706,ms
TRUE,128,pullBlocksSmallRange,64,4,16777216,131072,10,220,3.13496,3.66812,ms
TRUE,128,pullBlocksSmallRange,64,4,16777216,131072,10,220,3.12196,3.67109,ms
TRUE,128,pullBlocksSmallRange,64,4,16777216,262144,10,153,4.47545,5.24919,ms
TRUE,128,pullBlocksSmallRange,64,4,16777216,262144,10,153,4.48112,5.21896,ms
TRUE,128,pullBlocksSmallRange,64,4,16777216,262144,10,153,4.43584,5.2022,ms
TRUE,128,pullBlocksSmallRange,64,4,16777216,262144,10,153,4.51326,5.2246,ms
TRUE,128,pullBlocksSmallRange,64,4,16777216,262144,10,153,4.44327,5.16995,ms
TRUE,16,pullBlocksSmallRange,64,4,16777216,1,10,14,41.3035,49.3691,ms
TRUE,16,pullBlocksSmallRange,64,4,16777216,1,10,14,44.9368,51.9942,ms
TRUE,16,pullBlocksSmallRange,64,4,16777216,1,10,14,44.1144,51.2806,ms
TRUE,16,pullBlocksSmallRange,64,4,16777216,1,10,14,40.9093,48.2191,ms
TRUE,16,pullBlocksSmallRange,64,4,16777216,1,10,14,43.5654,51.342,ms
TRUE,16,pullBlocksSmallRange,64,4,16777216,2,10,26,26.1223,29.4872,ms
TRUE,16,pullBlocksSmallRange,64,4,16777216,2,10,26,25.8005,29.4503,ms
TRUE,16,pullBlocksSmallRange,64,4,16777216,2,10,26,24.1849,27.683,ms
TRUE,16,pullBlocksSmallRange,64,4,16777216,2,10,26,22.9519,26.4443,ms
TRUE,16,pullBlocksSmallRange,64,4,16777216,2,10,26,23.9416,27.5165,ms
TRUE,16,pullBlocksSmallRange,64,4,16777216,4,10,50,13.2898,15.0849,ms
TRUE,16,pullBlocksSmallRange,64,4,16777216,4,10,50,14.0073,15.8949,ms
TRUE,16,pullBlocksSmallRange,64,4,16777216,4,10,50,14.2498,16.1079,ms
TRUE,16,pullBlocksSmallRange,64,4,16777216,4,10,50,13.0837,16.9417,ms
TRUE,16,pullBlocksSmallRange,64,4,16777216,4,10,50,13.1544,14.9239,ms
TRUE,16,pullBlocksSmallRange,64,4,16777216,8,10,85,8.28751,9.35283,ms
TRUE,16,pullBlocksSmallRange,64,4,16777216,8,10,85,8.08988,9.16478,ms
TRUE,16,pullBlocksSmallRange,64,4,16777216,8,10,85,7.78041,9.87029,ms
TRUE,16,pullBlocksSmallRange,64,4,16777216,8,10,85,8.75248,9.8641,ms
TRUE,16,pullBlocksSmallRange,64,4,16777216,8,10,85,8.11499,9.21086,ms
TRUE,16,pullBlocksSmallRange,64,4,16777216,16,10,110,4.9583,6.00839,ms
TRUE,16,pullBlocksSmallRange,64,4,16777216,16,10,110,5.03264,6.07046,ms
TRUE,16,pullBlocksSmallRange,64,4,16777216,16,10,110,4.92576,6.02035,ms
TRUE,16,pullBlocksSmallRange,64,4,16777216,16,10,110,5.7635,6.82574,ms
TRUE,16,pullBlocksSmallRange,64,4,16777216,16,10,110,4.96817,5.92869,ms
TRUE,16,pullBlocksSmallRange,64,4,16777216,32,10,205,3.56816,4.1571,ms
TRUE,16,pullBlocksSmallRange,64,4,16777216,32,10,205,3.5588,4.15836,ms
TRUE,16,pullBlocksSmallRange,64,4,16777216,32,10,205,3.42667,4.03706,ms
TRUE,16,pullBlocksSmallRange,64,4,16777216,32,10,205,3.44176,4.05135,ms
TRUE,16,pullBlocksSmallRange,64,4,16777216,32,10,205,3.47477,4.0328,ms
TRUE,16,pullBlocksSmallRange,64,4,16777216,64,10,255,2.70212,3.13811,ms
TRUE,16,pullBlocksSmallRange,64,4,16777216,64,10,255,2.63856,3.07024,ms
TRUE,16,pullBlocksSmallRange,64,4,16777216,64,10,255,2.70405,3.17081,ms
TRUE,16,pullBlocksSmallRange,64,4,16777216,64,10,255,2.59364,3.07146,ms
TRUE,16,pullBlocksSmallRange,64,4,16777216,64,10,255,2.61462,3.08338,ms
TRUE,16,pullBlocksSmallRange,64,4,16777216,128,10,309,2.12666,2.52744,ms
TRUE,16,pullBlocksSmallRange,64,4,16777216,128,10,309,2.13723,2.52423,ms
TRUE,16,pullBlocksSmallRange,64,4,16777216,128,10,309,2.21351,2.61748,ms
TRUE,16,pullBlocksSmallRange,64,4,16777216,128,10,309,2.21219,2.57602,ms
TRUE,16,pullBlocksSmallRange,64,4,16777216,128,10,309,2.18096,2.56858,ms
TRUE,16,pullBlocksSmallRange,64,4,16777216,256,10,382,1.78472,2.12653,ms
TRUE,16,pullBlocksSmallRange,64,4,16777216,256,10,382,1.80632,2.12879,ms
TRUE,16,pullBlocksSmallRange,64,4,16777216,256,10,382,1.81442,2.14139,ms
TRUE,16,pullBlocksSmallRange,64,4,16777216,256,10,382,1.79598,2.12101,ms
TRUE,16,pullBlocksSmallRange,64,4,16777216,256,10,382,1.82238,2.18812,ms
TRUE,16,pullBlocksSmallRange,64,4,16777216,512,10,433,1.64921,1.93607,ms
TRUE,16,pullBlocksSmallRange,64,4,16777216,512,10,433,1.62757,1.92251,ms
TRUE,16,pullBlocksSmallRange,64,4,16777216,512,10,433,1.63141,1.90592,ms
TRUE,16,pullBlocksSmallRange,64,4,16777216,512,10,433,1.63093,1.93559,ms
TRUE,16,pullBlocksSmallRange,64,4,16777216,512,10,433,1.62352,1.91094,ms
TRUE,16,pullBlocksSmallRange,64,4,16777216,1024,10,393,1.75061,2.05233,ms
TRUE,16,pullBlocksSmallRange,64,4,16777216,1024,10,393,1.83874,2.16455,ms
TRUE,16,pullBlocksSmallRange,64,4,16777216,1024,10,393,1.79146,2.08603,ms
TRUE,16,pullBlocksSmallRange,64,4,16777216,1024,10,393,1.79409,2.09797,ms
TRUE,16,pullBlocksSmallRange,64,4,16777216,1024,10,393,1.79269,2.04806,ms
TRUE,16,pullBlocksSmallRange,64,4,16777216,2048,10,376,1.86796,2.18833,ms
TRUE,16,pullBlocksSmallRange,64,4,16777216,2048,10,376,1.8191,2.08719,ms
TRUE,16,pullBlocksSmallRange,64,4,16777216,2048,10,376,1.89818,2.21812,ms
TRUE,16,pullBlocksSmallRange,64,4,16777216,2048,10,376,1.83682,2.13783,ms
TRUE,16,pullBlocksSmallRange,64,4,16777216,2048,10,376,1.84933,2.16818,ms
TRUE,16,pullBlocksSmallRange,64,4,16777216,4096,10,382,1.83783,2.13734,ms
TRUE,16,pullBlocksSmallRange,64,4,16777216,4096,10,382,1.89787,2.2121,ms
TRUE,16,pullBlocksSmallRange,64,4,16777216,4096,10,382,1.84785,2.13599,ms
TRUE,16,pullBlocksSmallRange,64,4,16777216,4096,10,382,1.8478,2.14227,ms
TRUE,16,pullBlocksSmallRange,64,4,16777216,4096,10,382,1.84208,2.15032,ms
TRUE,16,pullBlocksSmallRange,64,4,16777216,8192,10,354,1.96797,2.31425,ms
TRUE,16,pullBlocksSmallRange,64,4,16777216,8192,10,354,1.99814,2.34253,ms
TRUE,16,pullBlocksSmallRange,64,4,16777216,8192,10,354,2.01538,2.37065,ms
TRUE,16,pullBlocksSmallRange,64,4,16777216,8192,10,354,1.97915,2.32037,ms
TRUE,16,pullBlocksSmallRange,64,4,16777216,8192,10,354,1.97831,2.3174,ms
TRUE,16,pullBlocksSmallRange,64,4,16777216,16384,10,328,2.09074,2.46649,ms
TRUE,16,pullBlocksSmallRange,64,4,16777216,16384,10,328,2.06531,2.42267,ms
TRUE,16,pullBlocksSmallRange,64,4,16777216,16384,10,328,2.04331,2.40404,ms
TRUE,16,pullBlocksSmallRange,64,4,16777216,16384,10,328,2.07114,2.42724,ms
TRUE,16,pullBlocksSmallRange,64,4,16777216,16384,10,328,2.08597,2.43053,ms
TRUE,16,pullBlocksSmallRange,64,4,16777216,32768,10,331,2.05075,2.40498,ms
TRUE,16,pullBlocksSmallRange,64,4,16777216,32768,10,331,2.11672,2.46637,ms
TRUE,16,pullBlocksSmallRange,64,4,16777216,32768,10,331,2.10968,2.4324,ms
TRUE,16,pullBlocksSmallRange,64,4,16777216,32768,10,331,2.09875,2.42322,ms
TRUE,16,pullBlocksSmallRange,64,4,16777216,32768,10,331,2.11802,2.45809,ms
TRUE,16,pullBlocksSmallRange,64,4,16777216,65536,10,282,2.41945,2.80803,ms
TRUE,16,pullBlocksSmallRange,64,4,16777216,65536,10,282,2.33971,2.73679,ms
TRUE,16,pullBlocksSmallRange,64,4,16777216,65536,10,282,2.36473,2.77865,ms
TRUE,16,pullBlocksSmallRange,64,4,16777216,65536,10,282,2.36845,2.75796,ms
TRUE,16,pullBlocksSmallRange,64,4,16777216,65536,10,282,2.33709,2.75777,ms
TRUE,16,pullBlocksSmallRange,64,4,16777216,131072,10,238,2.95971,3.41957,ms
TRUE,16,pullBlocksSmallRange,64,4,16777216,131072,10,238,2.93884,3.4428,ms
TRUE,16,pullBlocksSmallRange,64,4,16777216,131072,10,238,2.88723,3.36371,ms
TRUE,16,pullBlocksSmallRange,64,4,16777216,131072,10,238,2.91208,3.39821,ms
TRUE,16,pullBlocksSmallRange,64,4,16777216,131072,10,238,2.91695,3.38998,ms
TRUE,16,pullBlocksSmallRange,64,4,16777216,262144,10,180,3.8534,4.44668,ms
TRUE,16,pullBlocksSmallRange,64,4,16777216,262144,10,180,3.9082,4.50132,ms
TRUE,16,pullBlocksSmallRange,64,4,16777216,262144,10,180,3.82432,4.43585,ms
TRUE,16,pullBlocksSmallRange,64,4,16777216,262144,10,180,3.86291,4.46488,ms
TRUE,16,pullBlocksSmallRange,64,4,16777216,262144,10,180,3.79016,4.39109,ms
TRUE,1,pullBlocksSmallRange,64,4,16777216,1,10,82,8.76506,8.8175,ms
TRUE,1,pullBlocksSmallRange,64,4,16777216,1,10,82,8.56463,8.60844,ms
TRUE,1,pullBlocksSmallRange,64,4,16777216,1,10,82,8.52829,8.5437,ms
TRUE,1,pullBlocksSmallRange,64,4,16777216,1,10,82,8.57652,8.61337,ms
TRUE,1,pullBlocksSmallRange,64,4,16777216,1,10,82,8.54767,8.59316,ms
TRUE,1,pullBlocksSmallRange,64,4,16777216,2,10,130,5.29884,5.33045,ms
TRUE,1,pullBlocksSmallRange,64,4,16777216,2,10,130,5.31065,5.32538,ms
TRUE,1,pullBlocksSmallRange,64,4,16777216,2,10,130,5.33179,5.37745,ms
TRUE,1,pullBlocksSmallRange,64,4,16777216,2,10,130,5.30171,5.33219,ms
TRUE,1,pullBlocksSmallRange,64,4,16777216,2,10,130,5.31394,5.33071,ms
TRUE,1,pullBlocksSmallRange,64,4,16777216,4,10,231,3.03046,3.05209,ms
TRUE,1,pullBlocksSmallRange,64,4,16777216,4,10,231,3.02627,3.04029,ms
TRUE,1,pullBlocksSmallRange,64,4,16777216,4,10,231,3.02892,3.05254,ms
TRUE,1,pullBlocksSmallRange,64,4,16777216,4,10,231,3.18932,3.20723,ms
TRUE,1,pullBlocksSmallRange,64,4,16777216,4,10,231,3.02872,3.04842,ms
TRUE,1,pullBlocksSmallRange,64,4,16777216,8,10,314,2.22141,2.24094,ms
TRUE,1,pullBlocksSmallRange,64,4,16777216,8,10,314,2.22365,2.24695,ms
TRUE,1,pullBlocksSmallRange,64,4,16777216,8,10,314,2.22775,2.24506,ms
TRUE,1,pullBlocksSmallRange,64,4,16777216,8,10,314,2.2259,2.24763,ms
TRUE,1,pullBlocksSmallRange,64,4,16777216,8,10,314,2.22802,2.24709,ms
TRUE,1,pullBlocksSmallRange,64,4,16777216,16,10,408,1.71987,1.73973,ms
TRUE,1,pullBlocksSmallRange,64,4,16777216,16,10,408,1.71492,1.74243,ms
TRUE,1,pullBlocksSmallRange,64,4,16777216,16,10,408,1.72145,1.73641,ms
TRUE,1,pullBlocksSmallRange,64,4,16777216,16,10,408,1.71957,1.73333,ms
TRUE,1,pullBlocksSmallRange,64,4,16777216,16,10,408,1.71598,1.73969,ms
TRUE,1,pullBlocksSmallRange,64,4,16777216,32,10,451,1.54608,1.56149,ms
TRUE,1,pullBlocksSmallRange,64,4,16777216,32,10,451,1.54535,1.56084,ms
TRUE,1,pullBlocksSmallRange,64,4,16777216,32,10,451,1.54337,1.57664,ms
TRUE,1,pullBlocksSmallRange,64,4,16777216,32,10,451,1.54722,1.56424,ms
TRUE,1,pullBlocksSmallRange,64,4,16777216,32,10,451,1.54259,1.56589,ms
TRUE,1,pullBlocksSmallRange,64,4,16777216,64,10,541,1.28745,1.33917,ms
TRUE,1,pullBlocksSmallRange,64,4,16777216,64,10,541,1.287,1.30707,ms
TRUE,1,pullBlocksSmallRange,64,4,16777216,64,10,541,1.28798,1.30407,ms
TRUE,1,pullBlocksSmallRange,64,4,16777216,64,10,541,1.2874,1.31261,ms
TRUE,1,pullBlocksSmallRange,64,4,16777216,64,10,541,1.2879,1.30855,ms
TRUE,1,pullBlocksSmallRange,64,4,16777216,128,10,683,1.01863,1.05704,ms
TRUE,1,pullBlocksSmallRange,64,4,16777216,128,10,683,1.02154,1.06029,ms
TRUE,1,pullBlocksSmallRange,64,4,16777216,128,10,683,1.02008,1.03376,ms
TRUE,1,pullBlocksSmallRange,64,4,16777216,128,10,683,1.01949,1.03326,ms
TRUE,1,pullBlocksSmallRange,64,4,16777216,128,10,683,1.01883,1.05786,ms
TRUE,1,pullBlocksSmallRange,64,4,16777216,256,10,880,0.789573,0.803257,ms
TRUE,1,pullBlocksSmallRange,64,4,16777216,256,10,880,0.789711,0.804988,ms
TRUE,1,pullBlocksSmallRange,64,4,16777216,256,10,880,0.788993,0.807523,ms
TRUE,1,pullBlocksSmallRange,64,4,16777216,256,10,880,0.790241,0.806415,ms
TRUE,1,pullBlocksSmallRange,64,4,16777216,256,10,880,0.789816,0.805627,ms
TRUE,1,pullBlocksSmallRange,64,4,16777216,512,10,1025,0.675943,0.699713,ms
TRUE,1,pullBlocksSmallRange,64,4,16777216,512,10,1025,0.677131,0.693741,ms
TRUE,1,pullBlocksSmallRange,64,4,16777216,512,10,1025,0.676713,0.69024,ms
TRUE,1,pullBlocksSmallRange,64,4,16777216,512,10,1025,0.676795,0.692439,ms
TRUE,1,pullBlocksSmallRange,64,4,16777216,512,10,1025,0.676026,0.689459,ms
TRUE,1,pullBlocksSmallRange,64,4,16777216,1024,10,1115,0.624844,0.640732,ms
TRUE,1,pullBlocksSmallRange,64,4,16777216,1024,10,1115,0.624377,0.640418,ms
TRUE,1,pullBlocksSmallRange,64,4,16777216,1024,10,1115,0.624544,0.640806,ms
TRUE,1,pullBlocksSmallRange,64,4,16777216,1024,10,1115,0.624962,0.644537,ms
TRUE,1,pullBlocksSmallRange,64,4,16777216,1024,10,1115,0.624601,0.63882,ms
TRUE,1,pullBlocksSmallRange,64,4,16777216,2048,10,1125,0.621933,0.636233,ms
TRUE,1,pullBlocksSmallRange,64,4,16777216,2048,10,1125,0.622617,0.638269,ms
TRUE,1,pullBlocksSmallRange,64,4,16777216,2048,10,1125,0.62287,0.637108,ms
TRUE,1,pullBlocksSmallRange,64,4,16777216,2048,10,1125,0.621666,0.636454,ms
TRUE,1,pullBlocksSmallRange,64,4,16777216,2048,10,1125,0.633069,0.646756,ms
TRUE,1,pullBlocksSmallRange,64,4,16777216,4096,10,1071,0.649466,0.664922,ms
TRUE,1,pullBlocksSmallRange,64,4,16777216,4096,10,1071,0.645949,0.661194,ms
TRUE,1,pullBlocksSmallRange,64,4,16777216,4096,10,1071,0.649133,0.664698,ms
TRUE,1,pullBlocksSmallRange,64,4,16777216,4096,10,1071,0.680957,0.697482,ms
TRUE,1,pullBlocksSmallRange,64,4,16777216,4096,10,1071,0.650031,0.665323,ms
TRUE,1,pullBlocksSmallRange,64,4,16777216,8192,10,886,0.789587,0.811205,ms
TRUE,1,pullBlocksSmallRange,64,4,16777216,8192,10,886,0.787688,0.81019,ms
TRUE,1,pullBlocksSmallRange,64,4,16777216,8192,10,886,0.795917,0.817903,ms
TRUE,1,pullBlocksSmallRange,64,4,16777216,8192,10,886,0.787981,0.808444,ms
TRUE,1,pullBlocksSmallRange,64,4,16777216,8192,10,886,0.792844,0.813229,ms
TRUE,1,pullBlocksSmallRange,64,4,16777216,16384,10,864,0.822904,0.841908,ms
TRUE,1,pullBlocksSmallRange,64,4,16777216,16384,10,864,0.821634,0.838367,ms
TRUE,1,pullBlocksSmallRange,64,4,16777216,16384,10,864,0.822617,0.841678,ms
TRUE,1,pullBlocksSmallRange,64,4,16777216,16384,10,864,0.823497,0.839822,ms
TRUE,1,pullBlocksSmallRange,64,4,16777216,16384,10,864,0.822494,0.840486,ms
TRUE,1,pullBlocksSmallRange,64,4,16777216,32768,10,733,0.977114,0.99222,ms
TRUE,1,pullBlocksSmallRange,64,4,16777216,32768,10,733,0.974251,0.989886,ms
TRUE,1,pullBlocksSmallRange,64,4,16777216,32768,10,733,0.979912,0.995568,ms
TRUE,1,pullBlocksSmallRange,64,4,16777216,32768,10,733,0.974546,0.989582,ms
TRUE,1,pullBlocksSmallRange,64,4,16777216,32768,10,733,0.976221,0.991609,ms
TRUE,1,pullBlocksSmallRange,64,4,16777216,65536,10,619,1.12307,1.1442,ms
TRUE,1,pullBlocksSmallRange,64,4,16777216,65536,10,619,1.12473,1.14562,ms
TRUE,1,pullBlocksSmallRange,64,4,16777216,65536,10,619,1.12469,1.14526,ms
TRUE,1,pullBlocksSmallRange,64,4,16777216,65536,10,619,1.1237,1.14557,ms
TRUE,1,pullBlocksSmallRange,64,4,16777216,65536,10,619,1.12533,1.14628,ms
TRUE,1,pullBlocksSmallRange,64,4,16777216,131072,10,506,1.34062,1.37307,ms
TRUE,1,pullBlocksSmallRange,64,4,16777216,131072,10,506,1.34365,1.37457,ms
TRUE,1,pullBlocksSmallRange,64,4,16777216,131072,10,506,1.34167,1.37362,ms
TRUE,1,pullBlocksSmallRange,64,4,16777216,131072,10,506,1.34288,1.3738,ms
TRUE,1,pullBlocksSmallRange,64,4,16777216,131072,10,506,1.36064,1.39247,ms
TRUE,1,pullBlocksSmallRange,64,4,16777216,262144,10,340,2.05386,2.07937,ms
TRUE,1,pullBlocksSmallRange,64,4,16777216,262144,10,340,2.05596,2.08182,ms
TRUE,1,pullBlocksSmallRange,64,4,16777216,262144,10,340,2.05405,2.078,ms
TRUE,1,pullBlocksSmallRange,64,4,16777216,262144,10,340,2.05425,2.07924,ms
TRUE,1,pullBlocksSmallRange,64,4,16777216,262144,10,340,2.05775,2.08319,ms
TRUE,2,pullBlocksSmallRange,64,4,16777216,1,10,90,7.50637,8.4713,ms
TRUE,2,pullBlocksSmallRange,64,4,16777216,1,10,90,7.69496,7.86011,ms
TRUE,2,pullBlocksSmallRange,64,4,16777216,1,10,90,7.71087,7.9389,ms
TRUE,2,pullBlocksSmallRange,64,4,16777216,1,10,90,7.55265,7.6222,ms
TRUE,2,pullBlocksSmallRange,64,4,16777216,1,10,90,7.53592,7.63471,ms
TRUE,2,pullBlocksSmallRange,64,4,16777216,2,10,120,4.58696,4.74267,ms
TRUE,2,pullBlocksSmallRange,64,4,16777216,2,10,120,4.3661,4.41894,ms
TRUE,2,pullBlocksSmallRange,64,4,16777216,2,10,120,4.36723,4.47095,ms
TRUE,2,pullBlocksSmallRange,64,4,16777216,2,10,120,4.37458,4.468,ms
TRUE,2,pullBlocksSmallRange,64,4,16777216,2,10,120,4.3695,4.43354,ms
TRUE,2,pullBlocksSmallRange,64,4,16777216,4,10,222,3.14183,3.19469,ms
TRUE,2,pullBlocksSmallRange,64,4,16777216,4,10,222,3.11488,3.16068,ms
TRUE,2,pullBlocksSmallRange,64,4,16777216,4,10,222,3.16606,3.26083,ms
TRUE,2,pullBlocksSmallRange,64,4,16777216,4,10,222,3.21131,3.26034,ms
TRUE,2,pullBlocksSmallRange,64,4,16777216,4,10,222,3.16143,3.23277,ms
TRUE,2,pullBlocksSmallRange,64,4,16777216,8,10,289,2.41271,2.48632,ms
TRUE,2,pullBlocksSmallRange,64,4,16777216,8,10,289,2.40991,2.46345,ms
TRUE,2,pullBlocksSmallRange,64,4,16777216,8,10,289,2.37292,2.41103,ms
TRUE,2,pullBlocksSmallRange,64,4,16777216,8,10,289,2.39447,2.50229,ms
TRUE,2,pullBlocksSmallRange,64,4,16777216,8,10,289,2.40403,2.45278,ms
TRUE,2,pullBlocksSmallRange,64,4,16777216,16,10,329,1.95478,1.99195,ms
TRUE,2,pullBlocksSmallRange,64,4,16777216,16,10,329,1.98265,2.00939,ms
TRUE,2,pullBlocksSmallRange,64,4,16777216,16,10,329,1.9841,2.02479,ms
TRUE,2,pullBlocksSmallRange,64,4,16777216,16,10,329,1.98031,2.03734,ms
TRUE,2,pullBlocksSmallRange,64,4,16777216,16,10,329,1.96866,2.07071,ms
TRUE,2,pullBlocksSmallRange,64,4,16777216,32,10,430,1.49336,1.53793,ms
TRUE,2,pullBlocksSmallRange,64,4,16777216,32,10,430,1.5635,1.59961,ms
TRUE,2,pullBlocksSmallRange,64,4,16777216,32,10,430,1.49807,1.54081,ms
TRUE,2,pullBlocksSmallRange,64,4,16777216,32,10,430,1.49025,1.57102,ms
TRUE,2,pullBlocksSmallRange,64,4,16777216,32,10,430,1.48242,1.5184,ms
TRUE,2,pullBlocksSmallRange,64,4,16777216,64,10,551,1.1728,1.20706,ms
TRUE,2,pullBlocksSmallRange,64,4,16777216,64,10,551,1.18096,1.20711,ms
TRUE,2,pullBlocksSmallRange,64,4,16777216,64,10,551,1.19993,1.25414,ms
TRUE,2,pullBlocksSmallRange,64,4,16777216,64,10,551,1.1769,1.20644,ms
TRUE,2,pullBlocksSmallRange,64,4,16777216,64,10,551,1.18305,1.2328,ms
TRUE,2,pullBlocksSmallRange,64,4,16777216,128,10,724,0.943979,0.975781,ms
TRUE,2,pullBlocksSmallRange,64,4,16777216,128,10,724,0.941438,0.978638,ms
TRUE,2,pullBlocksSmallRange,64,4,16777216,128,10,724,0.926474,0.961628,ms
TRUE,2,pullBlocksSmallRange,64,4,16777216,128,10,724,0.937013,0.968638,ms
TRUE,2,pullBlocksSmallRange,64,4,16777216,128,10,724,0.937883,0.973615,ms
TRUE,2,pullBlocksSmallRange,64,4,16777216,256,10,986,0.696921,0.734683,ms
TRUE,2,pullBlocksSmallRange,64,4,16777216,256,10,986,0.690812,0.728883,ms
TRUE,2,pullBlocksSmallRange,64,4,16777216,256,10,986,0.738874,0.778322,ms
TRUE,2,pullBlocksSmallRange,64,4,16777216,256,10,986,0.69087,0.715778,ms
TRUE,2,pullBlocksSmallRange,64,4,16777216,256,10,986,0.699581,0.739933,ms
TRUE,2,pullBlocksSmallRange,64,4,16777216,512,10,860,0.641187,0.681453,ms
TRUE,2,pullBlocksSmallRange,64,4,16777216,512,10,860,0.625806,0.664483,ms
TRUE,2,pullBlocksSmallRange,64,4,16777216,512,10,860,0.617392,0.663755,ms
TRUE,2,pullBlocksSmallRange,64,4,16777216,512,10,860,0.626616,0.671295,ms
TRUE,2,pullBlocksSmallRange,64,4,16777216,512,10,860,0.612086,0.639527,ms
TRUE,2,pullBlocksSmallRange,64,4,16777216,1024,10,1033,0.606413,0.637397,ms
TRUE,2,pullBlocksSmallRange,64,4,16777216,1024,10,1033,0.601439,0.627669,ms
TRUE,2,pullBlocksSmallRange,64,4,16777216,1024,10,1033,0.611461,0.643726,ms
TRUE,2,pullBlocksSmallRange,64,4,16777216,1024,10,1033,0.635804,0.660756,ms
TRUE,2,pullBlocksSmallRange,64,4,16777216,1024,10,1033,0.648215,0.693016,ms
TRUE,2,pullBlocksSmallRange,64,4,16777216,2048,10,1048,0.583096,0.619727,ms
TRUE,2,pullBlocksSmallRange,64,4,16777216,2048,10,1048,0.626691,0.66764,ms
TRUE,2,pullBlocksSmallRange,64,4,16777216,2048,10,1048,0.586072,0.622986,ms
TRUE,2,pullBlocksSmallRange,64,4,16777216,2048,10,1048,0.58682,0.619109,ms
TRUE,2,pullBlocksSmallRange,64,4,16777216,2048,10,1048,0.581115,0.605751,ms
TRUE,2,pullBlocksSmallRange,64,4,16777216,4096,10,1070,0.589586,0.611142,ms
TRUE,2,pullBlocksSmallRange,64,4,16777216,4096,10,1070,0.593141,0.623603,ms
TRUE,2,pullBlocksSmallRange,64,4,16777216,4096,10,1070,0.597686,0.620556,ms
TRUE,2,pullBlocksSmallRange,64,4,16777216,4096,10,1070,0.597422,0.630637,ms
TRUE,2,pullBlocksSmallRange,64,4,16777216,4096,10,1070,0.594531,0.616391,ms
TRUE,2,pullBlocksSmallRange,64,4,16777216,8192,10,1101,0.606879,0.64295,ms
TRUE,2,pullBlocksSmallRange,64,4,16777216,8192,10,1101,0.609074,0.646075,ms
TRUE,2,pullBlocksSmallRange,64,4,16777216,8192,10,1101,0.631597,0.660685,ms
TRUE,2,pullBlocksSmallRange,64,4,16777216,8192,10,1101,0.604917,0.642726,ms
TRUE,2,pullBlocksSmallRange,64,4,16777216,8192,10,1101,0.60861,0.647572,ms
TRUE,2,pullBlocksSmallRange,64,4,16777216,16384,10,1034,0.693818,0.728418,ms
TRUE,2,pullBlocksSmallRange,64,4,16777216,16384,10,1034,0.671503,0.701955,ms
TRUE,2,pullBlocksSmallRange,64,4,16777216,16384,10,1034,0.663346,0.70238,ms
TRUE,2,pullBlocksSmallRange,64,4,16777216,16384,10,1034,0.663406,0.708226,ms
TRUE,2,pullBlocksSmallRange,64,4,16777216,16384,10,1034,0.670225,0.693227,ms
TRUE,2,pullBlocksSmallRange,64,4,16777216,32768,10,867,0.77046,0.800405,ms
TRUE,2,pullBlocksSmallRange,64,4,16777216,32768,10,867,0.774934,0.802155,ms
TRUE,2,pullBlocksSmallRange,64,4,16777216,32768,10,867,0.781573,0.8391,ms
TRUE,2,pullBlocksSmallRange,64,4,16777216,32768,10,867,0.773333,0.796213,ms
TRUE,2,pullBlocksSmallRange,64,4,16777216,32768,10,867,0.786289,0.837702,ms
TRUE,2,pullBlocksSmallRange,64,4,16777216,65536,10,645,1.02691,1.06294,ms
TRUE,2,pullBlocksSmallRange,64,4,16777216,65536,10,645,1.07118,1.12269,ms
TRUE,2,pullBlocksSmallRange,64,4,16777216,65536,10,645,1.02962,1.06661,ms
TRUE,2,pullBlocksSmallRange,64,4,16777216,65536,10,645,1.02594,1.06316,ms
TRUE,2,pullBlocksSmallRange,64,4,16777216,65536,10,645,1.03428,1.061,ms
TRUE,2,pullBlocksSmallRange,64,4,16777216,131072,10,513,1.35913,1.45087,ms
TRUE,2,pullBlocksSmallRange,64,4,16777216,131072,10,513,1.35457,1.41196,ms
TRUE,2,pullBlocksSmallRange,64,4,16777216,131072,10,513,1.36743,1.43575,ms
TRUE,2,pullBlocksSmallRange,64,4,16777216,131072,10,513,1.36268,1.41364,ms
TRUE,2,pullBlocksSmallRange,64,4,16777216,131072,10,513,1.3674,1.47921,ms
TRUE,2,pullBlocksSmallRange,64,4,16777216,262144,10,316,2.13366,2.2072,ms
TRUE,2,pullBlocksSmallRange,64,4,16777216,262144,10,316,2.14211,2.25366,ms
TRUE,2,pullBlocksSmallRange,64,4,16777216,262144,10,316,2.13748,2.21363,ms
TRUE,2,pullBlocksSmallRange,64,4,16777216,262144,10,316,2.13696,2.24433,ms
TRUE,2,pullBlocksSmallRange,64,4,16777216,262144,10,316,2.13958,2.21604,ms
TRUE,32,pullBlocksSmallRange,64,4,16777216,1,10,1,693.784,817.5,ms
TRUE,32,pullBlocksSmallRange,64,4,16777216,1,10,1,569.433,678.22,ms
TRUE,32,pullBlocksSmallRange,64,4,16777216,1,10,1,405.754,516.657,ms
TRUE,32,pullBlocksSmallRange,64,4,16777216,1,10,1,446.885,550.443,ms
TRUE,32,pullBlocksSmallRange,64,4,16777216,1,10,1,405.959,507.355,ms
TRUE,32,pullBlocksSmallRange,64,4,16777216,2,10,2,368.963,418.397,ms
TRUE,32,pullBlocksSmallRange,64,4,16777216,2,10,2,284.095,378.664,ms
TRUE,32,pullBlocksSmallRange,64,4,16777216,2,10,2,297.091,343.361,ms
TRUE,32,pullBlocksSmallRange,64,4,16777216,2,10,2,201.676,251.964,ms
TRUE,32,pullBlocksSmallRange,64,4,16777216,2,10,2,201.791,305.65,ms
TRUE,32,pullBlocksSmallRange,64,4,16777216,4,10,33,22.5028,25.2227,ms
TRUE,32,pullBlocksSmallRange,64,4,16777216,4,10,33,22.0904,25.1088,ms
TRUE,32,pullBlocksSmallRange,64,4,16777216,4,10,33,21.5123,26.869,ms
TRUE,32,pullBlocksSmallRange,64,4,16777216,4,10,33,23.6403,26.8763,ms
TRUE,32,pullBlocksSmallRange,64,4,16777216,4,10,33,25.671,28.9476,ms
TRUE,32,pullBlocksSmallRange,64,4,16777216,8,10,46,12.7674,14.8845,ms
TRUE,32,pullBlocksSmallRange,64,4,16777216,8,10,46,13.7235,16.2281,ms
TRUE,32,pullBlocksSmallRange,64,4,16777216,8,10,46,13.2635,15.8192,ms
TRUE,32,pullBlocksSmallRange,64,4,16777216,8,10,46,12.1729,14.5817,ms
TRUE,32,pullBlocksSmallRange,64,4,16777216,8,10,46,12.8074,15.2267,ms
TRUE,32,pullBlocksSmallRange,64,4,16777216,16,10,79,8.37266,9.79473,ms
TRUE,32,pullBlocksSmallRange,64,4,16777216,16,10,79,7.7056,9.16829,ms
TRUE,32,pullBlocksSmallRange,64,4,16777216,16,10,79,7.48332,9.05393,ms
TRUE,32,pullBlocksSmallRange,64,4,16777216,16,10,79,6.71508,8.38173,ms
TRUE,32,pullBlocksSmallRange,64,4,16777216,16,10,79,8.35663,9.77999,ms
TRUE,32,pullBlocksSmallRange,64,4,16777216,32,10,117,4.65874,5.72162,ms
TRUE,32,pullBlocksSmallRange,64,4,16777216,32,10,117,4.5424,5.64365,ms
TRUE,32,pullBlocksSmallRange,64,4,16777216,32,10,117,4.90067,5.85807,ms
TRUE,32,pullBlocksSmallRange,64,4,16777216,32,10,117,4.89723,6.01314,ms
TRUE,32,pullBlocksSmallRange,64,4,16777216,32,10,117,5.40655,6.4893,ms
TRUE,32,pullBlocksSmallRange,64,4,16777216,64,10,179,3.90506,4.59138,ms
TRUE,32,pullBlocksSmallRange,64,4,16777216,64,10,179,4.10039,4.85424,ms
TRUE,32,pullBlocksSmallRange,64,4,16777216,64,10,179,3.9606,4.66625,ms
TRUE,32,pullBlocksSmallRange,64,4,16777216,64,10,179,3.9496,4.63634,ms
TRUE,32,pullBlocksSmallRange,64,4,16777216,64,10,179,4.08487,4.76851,ms
TRUE,32,pullBlocksSmallRange,64,4,16777216,128,10,242,2.91181,3.46406,ms
TRUE,32,pullBlocksSmallRange,64,4,16777216,128,10,242,2.85982,3.36631,ms
TRUE,32,pullBlocksSmallRange,64,4,16777216,128,10,242,2.96076,3.48321,ms
TRUE,32,pullBlocksSmallRange,64,4,16777216,128,10,242,2.90716,3.43476,ms
TRUE,32,pullBlocksSmallRange,64,4,16777216,128,10,242,2.94241,3.49286,ms
TRUE,32,pullBlocksSmallRange,64,4,16777216,256,10,319,2.01419,2.42579,ms
TRUE,32,pullBlocksSmallRange,64,4,16777216,256,10,319,2.07036,2.47243,ms
TRUE,32,pullBlocksSmallRange,64,4,16777216,256,10,319,2.13944,2.57191,ms
TRUE,32,pullBlocksSmallRange,64,4,16777216,256,10,319,2.11271,2.52727,ms
TRUE,32,pullBlocksSmallRange,64,4,16777216,256,10,319,2.11302,2.49333,ms
TRUE,32,pullBlocksSmallRange,64,4,16777216,512,10,377,1.86948,2.21724,ms
TRUE,32,pullBlocksSmallRange,64,4,16777216,512,10,377,1.92753,2.32486,ms
TRUE,32,pullBlocksSmallRange,64,4,16777216,512,10,377,1.83092,2.16775,ms
TRUE,32,pullBlocksSmallRange,64,4,16777216,512,10,377,1.78877,2.16141,ms
TRUE,32,pullBlocksSmallRange,64,4,16777216,512,10,377,1.99478,2.3746,ms
TRUE,32,pullBlocksSmallRange,64,4,16777216,1024,10,368,1.93003,2.27172,ms
TRUE,32,pullBlocksSmallRange,64,4,16777216,1024,10,368,1.8817,2.23567,ms
TRUE,32,pullBlocksSmallRange,64,4,16777216,1024,10,368,1.90272,2.26086,ms
TRUE,32,pullBlocksSmallRange,64,4,16777216,1024,10,368,1.90033,2.2333,ms
TRUE,32,pullBlocksSmallRange,64,4,16777216,1024,10,368,2.02017,2.3896,ms
TRUE,32,pullBlocksSmallRange,64,4,16777216,2048,10,346,2.01947,2.38529,ms
TRUE,32,pullBlocksSmallRange,64,4,16777216,2048,10,346,2.03239,2.41428,ms
TRUE,32,pullBlocksSmallRange,64,4,16777216,2048,10,346,1.99445,2.37389,ms
TRUE,32,pullBlocksSmallRange,64,4,16777216,2048,10,346,1.94913,2.31873,ms
TRUE,32,pullBlocksSmallRange,64,4,16777216,2048,10,346,1.98247,2.35901,ms
TRUE,32,pullBlocksSmallRange,64,4,16777216,4096,10,363,1.91703,2.27401,ms
TRUE,32,pullBlocksSmallRange,64,4,16777216,4096,10,363,1.94066,2.28794,ms
TRUE,32,pullBlocksSmallRange,64,4,16777216,4096,10,363,1.89777,2.25163,ms
TRUE,32,pullBlocksSmallRange,64,4,16777216,4096,10,363,1.95484,2.31859,ms
TRUE,32,pullBlocksSmallRange,64,4,16777216,4096,10,363,1.89914,2.21583,ms
TRUE,32,pullBlocksSmallRange,64,4,16777216,8192,10,352,1.99946,2.34619,ms
TRUE,32,pullBlocksSmallRange,64,4,16777216,8192,10,352,2.12725,2.50587,ms
TRUE,32,pullBlocksSmallRange,64,4,16777216,8192,10,352,2.01821,2.36796,ms
TRUE,32,pullBlocksSmallRange,64,4,16777216,8192,10,352,2.06668,2.4333,ms
TRUE,32,pullBlocksSmallRange,64,4,16777216,8192,10,352,2.03042,2.40278,ms
TRUE,32,pullBlocksSmallRange,64,4,16777216,16384,10,325,2.10056,2.46697,ms
TRUE,32,pullBlocksSmallRange,64,4,16777216,16384,10,325,2.1531,2.5262,ms
TRUE,32,pullBlocksSmallRange,64,4,16777216,16384,10,325,2.07588,2.44008,ms
TRUE,32,pullBlocksSmallRange,64,4,16777216,16384,10,325,2.09555,2.46379,ms
TRUE,32,pullBlocksSmallRange,64,4,16777216,16384,10,325,2.09346,2.45491,ms
TRUE,32,pullBlocksSmallRange,64,4,16777216,32768,10,306,2.14889,2.51899,ms
TRUE,32,pullBlocksSmallRange,64,4,16777216,32768,10,306,2.22119,2.61146,ms
TRUE,32,pullBlocksSmallRange,64,4,16777216,32768,10,306,2.15472,2.48925,ms
TRUE,32,pullBlocksSmallRange,64,4,16777216,32768,10,306,2.15237,2.51445,ms
TRUE,32,pullBlocksSmallRange,64,4,16777216,32768,10,306,2.17253,2.57383,ms
TRUE,32,pullBlocksSmallRange,64,4,16777216,65536,10,292,2.34861,2.75066,ms
TRUE,32,pullBlocksSmallRange,64,4,16777216,65536,10,292,2.40562,2.85156,ms
TRUE,32,pullBlocksSmallRange,64,4,16777216,65536,10,292,2.35707,2.75449,ms
TRUE,32,pullBlocksSmallRange,64,4,16777216,65536,10,292,2.36477,2.78675,ms
TRUE,32,pullBlocksSmallRange,64,4,16777216,65536,10,292,2.41579,2.849,ms
TRUE,32,pullBlocksSmallRange,64,4,16777216,131072,10,244,2.81418,3.32621,ms
TRUE,32,pullBlocksSmallRange,64,4,16777216,131072,10,244,2.85876,3.37958,ms
TRUE,32,pullBlocksSmallRange,64,4,16777216,131072,10,244,2.86133,3.37209,ms
TRUE,32,pullBlocksSmallRange,64,4,16777216,131072,10,244,2.92142,3.46085,ms
TRUE,32,pullBlocksSmallRange,64,4,16777216,131072,10,244,2.82457,3.33548,ms
TRUE,32,pullBlocksSmallRange,64,4,16777216,262144,10,180,3.94705,4.60187,ms
TRUE,32,pullBlocksSmallRange,64,4,16777216,262144,10,180,3.87885,4.47289,ms
TRUE,32,pullBlocksSmallRange,64,4,16777216,262144,10,180,3.90984,4.52772,ms
TRUE,32,pullBlocksSmallRange,64,4,16777216,262144,10,180,3.92448,4.52122,ms
TRUE,32,pullBlocksSmallRange,64,4,16777216,262144,10,180,3.8879,4.50574,ms
TRUE,4,pullBlocksSmallRange,64,4,16777216,1,10,58,11.8652,12.2305,ms
TRUE,4,pullBlocksSmallRange,64,4,16777216,1,10,58,12.0341,12.856,ms
TRUE,4,pullBlocksSmallRange,64,4,16777216,1,10,58,12.5891,12.8729,ms
TRUE,4,pullBlocksSmallRange,64,4,16777216,1,10,58,11.2667,11.5029,ms
TRUE,4,pullBlocksSmallRange,64,4,16777216,1,10,58,11.7158,11.9867,ms
TRUE,4,pullBlocksSmallRange,64,4,16777216,2,10,91,8.03454,8.17005,ms
TRUE,4,pullBlocksSmallRange,64,4,16777216,2,10,91,7.47472,7.76667,ms
TRUE,4,pullBlocksSmallRange,64,4,16777216,2,10,91,8.1149,8.37025,ms
TRUE,4,pullBlocksSmallRange,64,4,16777216,2,10,91,7.21863,7.32464,ms
TRUE,4,pullBlocksSmallRange,64,4,16777216,2,10,91,7.49311,7.71168,ms
TRUE,4,pullBlocksSmallRange,64,4,16777216,4,10,156,5.03176,5.17081,ms
TRUE,4,pullBlocksSmallRange,64,4,16777216,4,10,156,4.65243,4.6811,ms
TRUE,4,pullBlocksSmallRange,64,4,16777216,4,10,156,4.96211,5.00712,ms
TRUE,4,pullBlocksSmallRange,64,4,16777216,4,10,156,4.67384,4.78928,ms
TRUE,4,pullBlocksSmallRange,64,4,16777216,4,10,156,4.63659,4.71997,ms
TRUE,4,pullBlocksSmallRange,64,4,16777216,8,10,193,3.42958,3.5301,ms
TRUE,4,pullBlocksSmallRange,64,4,16777216,8,10,193,3.43366,3.49784,ms
TRUE,4,pullBlocksSmallRange,64,4,16777216,8,10,193,3.44865,3.53522,ms
TRUE,4,pullBlocksSmallRange,64,4,16777216,8,10,193,3.44168,3.53367,ms
TRUE,4,pullBlocksSmallRange,64,4,16777216,8,10,193,3.43237,3.53573,ms
TRUE,4,pullBlocksSmallRange,64,4,16777216,16,10,262,2.56553,2.66106,ms
TRUE,4,pullBlocksSmallRange,64,4,16777216,16,10,262,2.51079,2.56908,ms
TRUE,4,pullBlocksSmallRange,64,4,16777216,16,10,262,2.51523,2.60336,ms
TRUE,4,pullBlocksSmallRange,64,4,16777216,16,10,262,2.53497,2.56879,ms
TRUE,4,pullBlocksSmallRange,64,4,16777216,16,10,262,2.52978,2.56491,ms
TRUE,4,pullBlocksSmallRange,64,4,16777216,32,10,299,2.08669,2.15949,ms
TRUE,4,pullBlocksSmallRange,64,4,16777216,32,10,299,2.10073,2.15525,ms
TRUE,4,pullBlocksSmallRange,64,4,16777216,32,10,299,2.10794,2.17747,ms
TRUE,4,pullBlocksSmallRange,64,4,16777216,32,10,299,2.12413,2.18923,ms
TRUE,4,pullBlocksSmallRange,64,4,16777216,32,10,299,2.10211,2.14264,ms
TRUE,4,pullBlocksSmallRange,64,4,16777216,64,10,338,1.77517,1.82457,ms
TRUE,4,pullBlocksSmallRange,64,4,16777216,64,10,338,1.79732,1.84877,ms
TRUE,4,pullBlocksSmallRange,64,4,16777216,64,10,338,1.81762,1.89614,ms
TRUE,4,pullBlocksSmallRange,64,4,16777216,64,10,338,1.81946,1.9009,ms
TRUE,4,pullBlocksSmallRange,64,4,16777216,64,10,338,1.82749,1.87248,ms
TRUE,4,pullBlocksSmallRange,64,4,16777216,128,10,387,1.58649,1.63971,ms
TRUE,4,pullBlocksSmallRange,64,4,16777216,128,10,387,1.55935,1.61293,ms
TRUE,4,pullBlocksSmallRange,64,4,16777216,128,10,387,1.55908,1.62812,ms
TRUE,4,pullBlocksSmallRange,64,4,16777216,128,10,387,1.55187,1.62183,ms
TRUE,4,pullBlocksSmallRange,64,4,16777216,128,10,387,1.53326,1.57834,ms
TRUE,4,pullBlocksSmallRange,64,4,16777216,256,10,732,0.923937,0.979248,ms
TRUE,4,pullBlocksSmallRange,64,4,16777216,256,10,732,0.918591,0.962111,ms
TRUE,4,pullBlocksSmallRange,64,4,16777216,256,10,732,0.921506,0.971713,ms
TRUE,4,pullBlocksSmallRange,64,4,16777216,256,10,732,0.919104,0.984381,ms
TRUE,4,pullBlocksSmallRange,64,4,16777216,256,10,732,0.930669,0.967892,ms
TRUE,4,pullBlocksSmallRange,64,4,16777216,512,10,570,0.935414,0.985841,ms
TRUE,4,pullBlocksSmallRange,64,4,16777216,512,10,570,0.911311,0.959466,ms
TRUE,4,pullBlocksSmallRange,64,4,16777216,512,10,570,0.926001,0.965578,ms
TRUE,4,pullBlocksSmallRange,64,4,16777216,512,10,570,0.922769,0.967802,ms
TRUE,4,pullBlocksSmallRange,64,4,16777216,512,10,570,0.928902,0.985432,ms
TRUE,4,pullBlocksSmallRange,64,4,16777216,1024,10,737,0.865305,0.901999,ms
TRUE,4,pullBlocksSmallRange,64,4,16777216,1024,10,737,0.856928,0.899081,ms
TRUE,4,pullBlocksSmallRange,64,4,16777216,1024,10,737,0.859931,0.889099,ms
TRUE,4,pullBlocksSmallRange,64,4,16777216,1024,10,737,0.867812,0.921948,ms
TRUE,4,pullBlocksSmallRange,64,4,16777216,1024,10,737,0.859282,0.898613,ms
TRUE,4,pullBlocksSmallRange,64,4,16777216,2048,10,726,0.871264,0.89537,ms
TRUE,4,pullBlocksSmallRange,64,4,16777216,2048,10,726,0.875914,0.930489,ms
TRUE,4,pullBlocksSmallRange,64,4,16777216,2048,10,726,0.876108,0.914183,ms
TRUE,4,pullBlocksSmallRange,64,4,16777216,2048,10,726,0.872769,0.909956,ms
TRUE,4,pullBlocksSmallRange,64,4,16777216,2048,10,726,0.873437,0.914684,ms
TRUE,4,pullBlocksSmallRange,64,4,16777216,4096,10,723,0.900403,0.934885,ms
TRUE,4,pullBlocksSmallRange,64,4,16777216,4096,10,723,0.90129,0.941539,ms
TRUE,4,pullBlocksSmallRange,64,4,16777216,4096,10,723,0.903505,0.945915,ms
TRUE,4,pullBlocksSmallRange,64,4,16777216,4096,10,723,0.907476,0.944605,ms
TRUE,4,pullBlocksSmallRange,64,4,16777216,4096,10,723,0.910317,0.95456,ms
TRUE,4,pullBlocksSmallRange,64,4,16777216,8192,10,713,0.924993,0.963571,ms
TRUE,4,pullBlocksSmallRange,64,4,16777216,8192,10,713,0.923179,0.969483,ms
TRUE,4,pullBlocksSmallRange,64,4,16777216,8192,10,713,0.923758,0.977575,ms
TRUE,4,pullBlocksSmallRange,64,4,16777216,8192,10,713,0.928574,0.981932,ms
TRUE,4,pullBlocksSmallRange,64,4,16777216,8192,10,713,0.928406,0.968597,ms
TRUE,4,pullBlocksSmallRange,64,4,16777216,16384,10,685,0.974836,1.01988,ms
TRUE,4,pullBlocksSmallRange,64,4,16777216,16384,10,685,0.972193,1.01537,ms
TRUE,4,pullBlocksSmallRange,64,4,16777216,16384,10,685,0.973874,1.01816,ms
TRUE,4,pullBlocksSmallRange,64,4,16777216,16384,10,685,0.975587,1.0131,ms
TRUE,4,pullBlocksSmallRange,64,4,16777216,16384,10,685,0.975231,1.01888,ms
TRUE,4,pullBlocksSmallRange,64,4,16777216,32768,10,624,1.04399,1.10066,ms
TRUE,4,pullBlocksSmallRange,64,4,16777216,32768,10,624,1.04697,1.09783,ms
TRUE,4,pullBlocksSmallRange,64,4,16777216,32768,10,624,1.04755,1.11471,ms
TRUE,4,pullBlocksSmallRange,64,4,16777216,32768,10,624,1.04818,1.09473,ms
TRUE,4,pullBlocksSmallRange,64,4,16777216,32768,10,624,1.04774,1.11797,ms
TRUE,4,pullBlocksSmallRange,64,4,16777216,65536,10,529,1.27298,1.31504,ms
TRUE,4,pullBlocksSmallRange,64,4,16777216,65536,10,529,1.27182,1.32716,ms
TRUE,4,pullBlocksSmallRange,64,4,16777216,65536,10,529,1.27423,1.32157,ms
TRUE,4,pullBlocksSmallRange,64,4,16777216,65536,10,529,1.28868,1.33946,ms
TRUE,4,pullBlocksSmallRange,64,4,16777216,65536,10,529,1.27384,1.32005,ms
TRUE,4,pullBlocksSmallRange,64,4,16777216,131072,10,414,1.62622,1.70571,ms
TRUE,4,pullBlocksSmallRange,64,4,16777216,131072,10,414,1.63083,1.67826,ms
TRUE,4,pullBlocksSmallRange,64,4,16777216,131072,10,414,1.63175,1.67764,ms
TRUE,4,pullBlocksSmallRange,64,4,16777216,131072,10,414,1.63605,1.70568,ms
TRUE,4,pullBlocksSmallRange,64,4,16777216,131072,10,414,1.62885,1.68852,ms
TRUE,4,pullBlocksSmallRange,64,4,16777216,262144,10,264,2.65153,2.74165,ms
TRUE,4,pullBlocksSmallRange,64,4,16777216,262144,10,264,2.64971,2.79533,ms
TRUE,4,pullBlocksSmallRange,64,4,16777216,262144,10,264,2.65291,2.78474,ms
TRUE,4,pullBlocksSmallRange,64,4,16777216,262144,10,264,2.65644,2.7476,ms
TRUE,4,pullBlocksSmallRange,64,4,16777216,262144,10,264,2.66113,2.81228,ms
TRUE,64,pullBlocksSmallRange,64,4,16777216,1,10,1,756.188,873.769,ms
TRUE,64,pullBlocksSmallRange,64,4,16777216,1,10,1,756.129,850.822,ms
TRUE,64,pullBlocksSmallRange,64,4,16777216,1,10,1,756.016,882.326,ms
TRUE,64,pullBlocksSmallRange,64,4,16777216,1,10,1,755.788,852.963,ms
TRUE,64,pullBlocksSmallRange,64,4,16777216,1,10,1,750.324,848.891,ms
TRUE,64,pullBlocksSmallRange,64,4,16777216,2,10,3,480.693,517.027,ms
TRUE,64,pullBlocksSmallRange,64,4,16777216,2,10,3,336.313,370.648,ms
TRUE,64,pullBlocksSmallRange,64,4,16777216,2,10,3,380.984,412.838,ms
TRUE,64,pullBlocksSmallRange,64,4,16777216,2,10,3,435.168,470.428,ms
TRUE,64,pullBlocksSmallRange,64,4,16777216,2,10,3,364.667,400.402,ms
TRUE,64,pullBlocksSmallRange,64,4,16777216,4,10,19,43.7898,48.4967,ms
TRUE,64,pullBlocksSmallRange,64,4,16777216,4,10,19,37.7636,42.4956,ms
TRUE,64,pullBlocksSmallRange,64,4,16777216,4,10,19,38.5819,44.2972,ms
TRUE,64,pullBlocksSmallRange,64,4,16777216,4,10,19,51.257,56.0945,ms
TRUE,64,pullBlocksSmallRange,64,4,16777216,4,10,19,40.6637,46.2168,ms
TRUE,64,pullBlocksSmallRange,64,4,16777216,8,10,39,20.0131,22.4828,ms
TRUE,64,pullBlocksSmallRange,64,4,16777216,8,10,39,21.3631,23.8568,ms
TRUE,64,pullBlocksSmallRange,64,4,16777216,8,10,39,21.2548,23.7815,ms
TRUE,64,pullBlocksSmallRange,64,4,16777216,8,10,39,20.2882,22.7317,ms
TRUE,64,pullBlocksSmallRange,64,4,16777216,8,10,39,21.4238,23.9202,ms
TRUE,64,pullBlocksSmallRange,64,4,16777216,16,10,68,11.2443,12.9056,ms
TRUE,64,pullBlocksSmallRange,64,4,16777216,16,10,68,11.5782,13.3928,ms
TRUE,64,pullBlocksSmallRange,64,4,16777216,16,10,68,11.747,13.4061,ms
TRUE,64,pullBlocksSmallRange,64,4,16777216,16,10,68,11.7105,13.3677,ms
TRUE,64,pullBlocksSmallRange,64,4,16777216,16,10,68,11.5593,13.2767,ms
TRUE,64,pullBlocksSmallRange,64,4,16777216,32,10,78,7.88648,9.33985,ms
TRUE,64,pullBlocksSmallRange,64,4,16777216,32,10,78,7.23256,8.71788,ms
TRUE,64,pullBlocksSmallRange,64,4,16777216,32,10,78,7.53268,9.07093,ms
TRUE,64,pullBlocksSmallRange,64,4,16777216,32,10,78,8.63346,10.2204,ms
TRUE,64,pullBlocksSmallRange,64,4,16777216,32,10,78,9.48483,11.0344,ms
TRUE,64,pullBlocksSmallRange,64,4,16777216,64,10,118,5.00126,5.98892,ms
TRUE,64,pullBlocksSmallRange,64,4,16777216,64,10,118,4.90295,5.92838,ms
TRUE,64,pullBlocksSmallRange,64,4,16777216,64,10,118,5.28836,6.31293,ms
TRUE,64,pullBlocksSmallRange,64,4,16777216,64,10,118,5.06855,6.12246,ms
TRUE,64,pullBlocksSmallRange,64,4,16777216,64,10,118,5.19351,6.14386,ms
TRUE,64,pullBlocksSmallRange,64,4,16777216,128,10,188,3.77879,4.44027,ms
TRUE,64,pullBlocksSmallRange,64,4,16777216,128,10,188,4.06667,4.74231,ms
TRUE,64,pullBlocksSmallRange,64,4,16777216,128,10,188,3.89007,4.59534,ms
TRUE,64,pullBlocksSmallRange,64,4,16777216,128,10,188,3.83447,4.51066,ms
TRUE,64,pullBlocksSmallRange,64,4,16777216,128,10,188,4.03453,4.73362,ms
TRUE,64,pullBlocksSmallRange,64,4,16777216,256,10,272,2.65921,3.13601,ms
TRUE,64,pullBlocksSmallRange,64,4,16777216,256,10,272,2.47227,2.91789,ms
TRUE,64,pullBlocksSmallRange,64,4,16777216,256,10,272,2.57377,3.04176,ms
TRUE,64,pullBlocksSmallRange,64,4,16777216,256,10,272,2.72016,3.24627,ms
TRUE,64,pullBlocksSmallRange,64,4,16777216,256,10,272,2.57668,3.05116,ms
TRUE,64,pullBlocksSmallRange,64,4,16777216,512,10,321,2.05689,2.45447,ms
TRUE,64,pullBlocksSmallRange,64,4,16777216,512,10,321,2.22493,2.66011,ms
TRUE,64,pullBlocksSmallRange,64,4,16777216,512,10,321,2.18052,2.62014,ms
TRUE,64,pullBlocksSmallRange,64,4,16777216,512,10,321,2.14081,2.52219,ms
TRUE,64,pullBlocksSmallRange,64,4,16777216,512,10,321,2.11986,2.54732,ms
TRUE,64,pullBlocksSmallRange,64,4,16777216,1024,10,336,2.10255,2.49404,ms
TRUE,64,pullBlocksSmallRange,64,4,16777216,1024,10,336,2.10691,2.49016,ms
TRUE,64,pullBlocksSmallRange,64,4,16777216,1024,10,336,2.10935,2.49221,ms
TRUE,64,pullBlocksSmallRange,64,4,16777216,1024,10,336,2.16914,2.57359,ms
TRUE,64,pullBlocksSmallRange,64,4,16777216,1024,10,336,2.25825,2.65503,ms
TRUE,64,pullBlocksSmallRange,64,4,16777216,2048,10,318,2.14028,2.57289,ms
TRUE,64,pullBlocksSmallRange,64,4,16777216,2048,10,318,2.12682,2.55187,ms
TRUE,64,pullBlocksSmallRange,64,4,16777216,2048,10,318,2.13473,2.53906,ms
TRUE,64,pullBlocksSmallRange,64,4,16777216,2048,10,318,2.17231,2.57141,ms
TRUE,64,pullBlocksSmallRange,64,4,16777216,2048,10,318,2.12673,2.56593,ms
TRUE,64,pullBlocksSmallRange,64,4,16777216,4096,10,326,2.17878,2.62492,ms
TRUE,64,pullBlocksSmallRange,64,4,16777216,4096,10,326,2.13247,2.50591,ms
TRUE,64,pullBlocksSmallRange,64,4,16777216,4096,10,326,2.12441,2.5184,ms
TRUE,64,pullBlocksSmallRange,64,4,16777216,4096,10,326,2.16548,2.5606,ms
TRUE,64,pullBlocksSmallRange,64,4,16777216,4096,10,326,2.15414,2.53466,ms
TRUE,64,pullBlocksSmallRange,64,4,16777216,8192,10,311,2.26248,2.66261,ms
TRUE,64,pullBlocksSmallRange,64,4,16777216,8192,10,311,2.26925,2.65801,ms
TRUE,64,pullBlocksSmallRange,64,4,16777216,8192,10,311,2.19886,2.58227,ms
TRUE,64,pullBlocksSmallRange,64,4,16777216,8192,10,311,2.26697,2.66933,ms
TRUE,64,pullBlocksSmallRange,64,4,16777216,8192,10,311,2.2068,2.60884,ms
TRUE,64,pullBlocksSmallRange,64,4,16777216,16384,10,305,2.27524,2.66444,ms
TRUE,64,pullBlocksSmallRange,64,4,16777216,16384,10,305,2.28903,2.67936,ms
TRUE,64,pullBlocksSmallRange,64,4,16777216,16384,10,305,2.2421,2.64451,ms
TRUE,64,pullBlocksSmallRange,64,4,16777216,16384,10,305,2.2397,2.62994,ms
TRUE,64,pullBlocksSmallRange,64,4,16777216,16384,10,305,2.27753,2.70055,ms
TRUE,64,pullBlocksSmallRange,64,4,16777216,32768,10,299,2.37929,2.78218,ms
TRUE,64,pullBlocksSmallRange,64,4,16777216,32768,10,299,2.3038,2.72362,ms
TRUE,64,pullBlocksSmallRange,64,4,16777216,32768,10,299,2.32406,2.68294,ms
TRUE,64,pullBlocksSmallRange,64,4,16777216,32768,10,299,2.3756,2.75705,ms
TRUE,64,pullBlocksSmallRange,64,4,16777216,32768,10,299,2.352,2.77369,ms
TRUE,64,pullBlocksSmallRange,64,4,16777216,65536,10,275,2.52412,2.94028,ms
TRUE,64,pullBlocksSmallRange,64,4,16777216,65536,10,275,2.56346,2.97973,ms
TRUE,64,pullBlocksSmallRange,64,4,16777216,65536,10,275,2.56911,2.97988,ms
TRUE,64,pullBlocksSmallRange,64,4,16777216,65536,10,275,2.55258,2.95966,ms
TRUE,64,pullBlocksSmallRange,64,4,16777216,65536,10,275,2.61721,3.04098,ms
TRUE,64,pullBlocksSmallRange,64,4,16777216,131072,10,221,3.13278,3.66742,ms
TRUE,64,pullBlocksSmallRange,64,4,16777216,131072,10,221,3.16861,3.71161,ms
TRUE,64,pullBlocksSmallRange,64,4,16777216,131072,10,221,3.13761,3.65104,ms
TRUE,64,pullBlocksSmallRange,64,4,16777216,131072,10,221,3.1162,3.61801,ms
TRUE,64,pullBlocksSmallRange,64,4,16777216,131072,10,221,3.104,3.64475,ms
TRUE,64,pullBlocksSmallRange,64,4,16777216,262144,10,155,4.31151,5.06374,ms
TRUE,64,pullBlocksSmallRange,64,4,16777216,262144,10,155,4.31702,5.08061,ms
TRUE,64,pullBlocksSmallRange,64,4,16777216,262144,10,155,4.25484,5.02073,ms
TRUE,64,pullBlocksSmallRange,64,4,16777216,262144,10,155,4.27679,4.99284,ms
TRUE,64,pullBlocksSmallRange,64,4,16777216,262144,10,155,4.28855,5.02181,ms
TRUE,8,pullBlocksSmallRange,64,4,16777216,1,10,34,22.8048,23.5099,ms
TRUE,8,pullBlocksSmallRange,64,4,16777216,1,10,34,23.0537,23.3953,ms
TRUE,8,pullBlocksSmallRange,64,4,16777216,1,10,34,20.4718,22.869,ms
TRUE,8,pullBlocksSmallRange,64,4,16777216,1,10,34,21.856,22.3446,ms
TRUE,8,pullBlocksSmallRange,64,4,16777216,1,10,34,22.6564,23.0381,ms
TRUE,8,pullBlocksSmallRange,64,4,16777216,2,10,54,13.0491,13.352,ms
TRUE,8,pullBlocksSmallRange,64,4,16777216,2,10,54,15.075,15.3644,ms
TRUE,8,pullBlocksSmallRange,64,4,16777216,2,10,54,13.1495,13.4735,ms
TRUE,8,pullBlocksSmallRange,64,4,16777216,2,10,54,13.4987,14.1171,ms
TRUE,8,pullBlocksSmallRange,64,4,16777216,2,10,54,13.7049,14.0226,ms
TRUE,8,pullBlocksSmallRange,64,4,16777216,4,10,79,8.40195,8.63436,ms
TRUE,8,pullBlocksSmallRange,64,4,16777216,4,10,79,8.58569,9.05701,ms
TRUE,8,pullBlocksSmallRange,64,4,16777216,4,10,79,8.37538,9.5559,ms
TRUE,8,pullBlocksSmallRange,64,4,16777216,4,10,79,8.92661,9.1294,ms
TRUE,8,pullBlocksSmallRange,64,4,16777216,4,10,79,8.85729,8.96273,ms
TRUE,8,pullBlocksSmallRange,64,4,16777216,8,10,137,5.39623,5.63109,ms
TRUE,8,pullBlocksSmallRange,64,4,16777216,8,10,137,5.86606,6.13036,ms
TRUE,8,pullBlocksSmallRange,64,4,16777216,8,10,137,5.81613,5.92156,ms
TRUE,8,pullBlocksSmallRange,64,4,16777216,8,10,137,5.82134,6.07329,ms
TRUE,8,pullBlocksSmallRange,64,4,16777216,8,10,137,5.46924,5.60182,ms
TRUE,8,pullBlocksSmallRange,64,4,16777216,16,10,162,3.8654,4.12747,ms
TRUE,8,pullBlocksSmallRange,64,4,16777216,16,10,162,3.98928,4.18193,ms
TRUE,8,pullBlocksSmallRange,64,4,16777216,16,10,162,3.7317,3.93057,ms
TRUE,8,pullBlocksSmallRange,64,4,16777216,16,10,162,3.93772,4.00895,ms
TRUE,8,pullBlocksSmallRange,64,4,16777216,16,10,162,3.90379,3.9968,ms
TRUE,8,pullBlocksSmallRange,64,4,16777216,32,10,240,2.86706,3.05977,ms
TRUE,8,pullBlocksSmallRange,64,4,16777216,32,10,240,2.95705,3.01502,ms
TRUE,8,pullBlocksSmallRange,64,4,16777216,32,10,240,2.95644,3.02044,ms
TRUE,8,pullBlocksSmallRange,64,4,16777216,32,10,240,2.89986,3.04131,ms
TRUE,8,pullBlocksSmallRange,64,4,16777216,32,10,240,2.94582,3.05585,ms
TRUE,8,pullBlocksSmallRange,64,4,16777216,64,10,256,2.436,2.53199,ms
TRUE,8,pullBlocksSmallRange,64,4,16777216,64,10,256,2.40677,2.57312,ms
TRUE,8,pullBlocksSmallRange,64,4,16777216,64,10,256,2.3953,2.48819,ms
TRUE,8,pullBlocksSmallRange,64,4,16777216,64,10,256,2.40134,2.56656,ms
TRUE,8,pullBlocksSmallRange,64,4,16777216,64,10,256,2.41176,2.50547,ms
TRUE,8,pullBlocksSmallRange,64,4,16777216,128,10,323,2.09346,2.18271,ms
TRUE,8,pullBlocksSmallRange,64,4,16777216,128,10,323,2.04768,2.15208,ms
TRUE,8,pullBlocksSmallRange,64,4,16777216,128,10,323,2.09491,2.1933,ms
TRUE,8,pullBlocksSmallRange,64,4,16777216,128,10,323,2.11805,2.25465,ms
TRUE,8,pullBlocksSmallRange,64,4,16777216,128,10,323,2.10459,2.24691,ms
TRUE,8,pullBlocksSmallRange,64,4,16777216,256,10,548,1.18012,1.22332,ms
TRUE,8,pullBlocksSmallRange,64,4,16777216,256,10,548,1.12415,1.20338,ms
TRUE,8,pullBlocksSmallRange,64,4,16777216,256,10,548,1.13844,1.23221,ms
TRUE,8,pullBlocksSmallRange,64,4,16777216,256,10,548,1.14947,1.21408,ms
TRUE,8,pullBlocksSmallRange,64,4,16777216,256,10,548,1.15864,1.22292,ms
TRUE,8,pullBlocksSmallRange,64,4,16777216,512,10,582,1.0893,1.14501,ms
TRUE,8,pullBlocksSmallRange,64,4,16777216,512,10,582,1.0787,1.1444,ms
TRUE,8,pullBlocksSmallRange,64,4,16777216,512,10,582,1.07559,1.14036,ms
TRUE,8,pullBlocksSmallRange,64,4,16777216,512,10,582,1.06636,1.12904,ms
TRUE,8,pullBlocksSmallRange,64,4,16777216,512,10,582,1.0744,1.13748,ms
TRUE,8,pullBlocksSmallRange,64,4,16777216,1024,10,632,1.02437,1.10479,ms
TRUE,8,pullBlocksSmallRange,64,4,16777216,1024,10,632,1.03379,1.08472,ms
TRUE,8,pullBlocksSmallRange,64,4,16777216,1024,10,632,1.03158,1.08359,ms
TRUE,8,pullBlocksSmallRange,64,4,16777216,1024,10,632,1.02313,1.07539,ms
TRUE,8,pullBlocksSmallRange,64,4,16777216,1024,10,632,1.0309,1.07992,ms
TRUE,8,pullBlocksSmallRange,64,4,16777216,2048,10,619,1.07527,1.12462,ms
TRUE,8,pullBlocksSmallRange,64,4,16777216,2048,10,619,1.07061,1.11577,ms
TRUE,8,pullBlocksSmallRange,64,4,16777216,2048,10,619,1.07062,1.1174,ms
TRUE,8,pullBlocksSmallRange,64,4,16777216,2048,10,619,1.07225,1.12444,ms
TRUE,8,pullBlocksSmallRange,64,4,16777216,2048,10,619,1.08275,1.13495,ms
TRUE,8,pullBlocksSmallRange,64,4,16777216,4096,10,630,1.10637,1.15208,ms
TRUE,8,pullBlocksSmallRange,64,4,16777216,4096,10,630,1.09728,1.14961,ms
TRUE,8,pullBlocksSmallRange,64,4,16777216,4096,10,630,1.10183,1.15255,ms
TRUE,8,pullBlocksSmallRange,64,4,16777216,4096,10,630,1.11605,1.20321,ms
TRUE,8,pullBlocksSmallRange,64,4,16777216,4096,10,630,1.11446,1.17328,ms
TRUE,8,pullBlocksSmallRange,64,4,16777216,8192,10,568,1.14242,1.19666,ms
TRUE,8,pullBlocksSmallRange,64,4,16777216,8192,10,568,1.14916,1.20546,ms
TRUE,8,pullBlocksSmallRange,64,4,16777216,8192,10,568,1.14376,1.20157,ms
TRUE,8,pullBlocksSmallRange,64,4,16777216,8192,10,568,1.15131,1.20319,ms
TRUE,8,pullBlocksSmallRange,64,4,16777216,8192,10,568,1.14817,1.20067,ms
TRUE,8,pullBlocksSmallRange,64,4,16777216,16384,10,574,1.2128,1.27469,ms
TRUE,8,pullBlocksSmallRange,64,4,16777216,16384,10,574,1.22167,1.30229,ms
TRUE,8,pullBlocksSmallRange,64,4,16777216,16384,10,574,1.21542,1.27574,ms
TRUE,8,pullBlocksSmallRange,64,4,16777216,16384,10,574,1.21216,1.26536,ms
TRUE,8,pullBlocksSmallRange,64,4,16777216,16384,10,574,1.21062,1.29907,ms
TRUE,8,pullBlocksSmallRange,64,4,16777216,32768,10,520,1.31141,1.3793,ms
TRUE,8,pullBlocksSmallRange,64,4,16777216,32768,10,520,1.3066,1.40152,ms
TRUE,8,pullBlocksSmallRange,64,4,16777216,32768,10,520,1.31356,1.37756,ms
TRUE,8,pullBlocksSmallRange,64,4,16777216,32768,10,520,1.30162,1.35964,ms
TRUE,8,pullBlocksSmallRange,64,4,16777216,32768,10,520,1.29776,1.36007,ms
TRUE,8,pullBlocksSmallRange,64,4,16777216,65536,10,429,1.56993,1.6279,ms
TRUE,8,pullBlocksSmallRange,64,4,16777216,65536,10,429,1.5809,1.64507,ms
TRUE,8,pullBlocksSmallRange,64,4,16777216,65536,10,429,1.56158,1.62342,ms
TRUE,8,pullBlocksSmallRange,64,4,16777216,65536,10,429,1.57861,1.63796,ms
TRUE,8,pullBlocksSmallRange,64,4,16777216,65536,10,429,1.56539,1.62526,ms
TRUE,8,pullBlocksSmallRange,64,4,16777216,131072,10,340,2.06125,2.13909,ms
TRUE,8,pullBlocksSmallRange,64,4,16777216,131072,10,340,2.05072,2.1261,ms
TRUE,8,pullBlocksSmallRange,64,4,16777216,131072,10,340,2.02023,2.12537,ms
TRUE,8,pullBlocksSmallRange,64,4,16777216,131072,10,340,2.04206,2.14224,ms
TRUE,8,pullBlocksSmallRange,64,4,16777216,131072,10,340,2.04957,2.15019,ms
TRUE,8,pullBlocksSmallRange,64,4,16777216,262144,10,229,2.92953,3.06975,ms
TRUE,8,pullBlocksSmallRange,64,4,16777216,262144,10,229,2.92966,3.09189,ms
TRUE,8,pullBlocksSmallRange,64,4,16777216,262144,10,229,2.93506,3.06101,ms
TRUE,8,pullBlocksSmallRange,64,4,16777216,262144,10,229,2.90738,3.0522,ms
TRUE,8,pullBlocksSmallRange,64,4,16777216,262144,10,229,2.91329,3.05481,ms
TRUE,128,submitBlocks,64,4,16777216,1,10,1,11640.5,58972.7,ms
TRUE,128,submitBlocks,64,4,16777216,1,10,1,11624.3,11699.1,ms
TRUE,128,submitBlocks,64,4,16777216,1,10,1,11623.8,11697.3,ms
TRUE,128,submitBlocks,64,4,16777216,1,10,1,11617.9,11687,ms
TRUE,128,submitBlocks,64,4,16777216,1,10,1,11733.9,11804.5,ms
TRUE,128,submitBlocks,64,4,16777216,1,10,1,11624.1,11688.7,ms
TRUE,128,submitBlocks,64,4,16777216,1,10,1,11622.9,11697.6,ms
TRUE,128,submitBlocks,64,4,16777216,1,10,1,11632.1,11704.9,ms
TRUE,128,submitBlocks,64,4,16777216,1,10,1,11622.4,11693.3,ms
TRUE,128,submitBlocks,64,4,16777216,1,10,1,11624.2,11703.3,ms
TRUE,128,submitBlocks,64,4,16777216,2,10,1,6333.03,6405.73,ms
TRUE,128,submitBlocks,64,4,16777216,2,10,1,6300.93,6408.09,ms
TRUE,128,submitBlocks,64,4,16777216,2,10,1,6278.5,6392.29,ms
TRUE,128,submitBlocks,64,4,16777216,2,10,1,6280.83,6386.25,ms
TRUE,128,submitBlocks,64,4,16777216,2,10,1,6278.7,6386.3,ms
TRUE,128,submitBlocks,64,4,16777216,2,10,1,6280.22,6378.19,ms
TRUE,128,submitBlocks,64,4,16777216,2,10,1,6288.47,6394.45,ms
TRUE,128,submitBlocks,64,4,16777216,2,10,1,6290.92,6399.98,ms
TRUE,128,submitBlocks,64,4,16777216,2,10,1,6297.02,6415.17,ms
TRUE,128,submitBlocks,64,4,16777216,2,10,1,6403.94,6510.11,ms
TRUE,128,submitBlocks,64,4,16777216,4,10,1,3638.9,3739.21,ms
TRUE,128,submitBlocks,64,4,16777216,4,10,1,3640.62,3740.58,ms
TRUE,128,submitBlocks,64,4,16777216,4,10,1,3640.37,3744.45,ms
TRUE,128,submitBlocks,64,4,16777216,4,10,1,3643.13,3745.81,ms
TRUE,128,submitBlocks,64,4,16777216,4,10,1,3640.88,3732.6,ms
TRUE,128,submitBlocks,64,4,16777216,4,10,1,3694.58,3795.63,ms
TRUE,128,submitBlocks,64,4,16777216,4,10,1,3640.25,3752.26,ms
TRUE,128,submitBlocks,64,4,16777216,4,10,1,3640.32,3739.23,ms
TRUE,128,submitBlocks,64,4,16777216,4,10,1,3757.92,3851.91,ms
TRUE,128,submitBlocks,64,4,16777216,4,10,1,3640.52,3740.07,ms
TRUE,128,submitBlocks,64,4,16777216,8,10,1,2299.73,2390.25,ms
TRUE,128,submitBlocks,64,4,16777216,8,10,1,2295.61,2389.87,ms
TRUE,128,submitBlocks,64,4,16777216,8,10,1,2296.42,2385.28,ms
TRUE,128,submitBlocks,64,4,16777216,8,10,1,2300,2402.39,ms
TRUE,128,submitBlocks,64,4,16777216,8,10,1,2298.08,2387.47,ms
TRUE,128,submitBlocks,64,4,16777216,8,10,1,2297,2386.29,ms
TRUE,128,submitBlocks,64,4,16777216,8,10,1,2295.85,2398.89,ms
TRUE,128,submitBlocks,64,4,16777216,8,10,1,2303.07,2394.67,ms
TRUE,128,submitBlocks,64,4,16777216,8,10,1,2298.81,2388.84,ms
TRUE,128,submitBlocks,64,4,16777216,8,10,1,2300.51,2386.32,ms
TRUE,128,submitBlocks,64,4,16777216,16,10,1,1621.76,1695.3,ms
TRUE,128,submitBlocks,64,4,16777216,16,10,1,1620.12,1708.57,ms
TRUE,128,submitBlocks,64,4,16777216,16,10,1,1629.52,1714.3,ms
TRUE,128,submitBlocks,64,4,16777216,16,10,1,1617.92,1700.14,ms
TRUE,128,submitBlocks,64,4,16777216,16,10,1,1625.8,1708.33,ms
TRUE,128,submitBlocks,64,4,16777216,16,10,1,1693.81,1777.23,ms
TRUE,128,submitBlocks,64,4,16777216,16,10,1,1617.92,1711.89,ms
TRUE,128,submitBlocks,64,4,16777216,16,10,1,1699.28,1780.22,ms
TRUE,128,submitBlocks,64,4,16777216,16,10,1,1762.9,1857.73,ms
TRUE,128,submitBlocks,64,4,16777216,16,10,1,1620.49,1701.15,ms
TRUE,128,submitBlocks,64,4,16777216,32,10,1,1277.38,1355.32,ms
TRUE,128,submitBlocks,64,4,16777216,32,10,1,1268.67,1345.57,ms
TRUE,128,submitBlocks,64,4,16777216,32,10,1,1266.07,1342.6,ms
TRUE,128,submitBlocks,64,4,16777216,32,10,1,1267.15,1356.9,ms
TRUE,128,submitBlocks,64,4,16777216,32,10,1,1263.21,1339.08,ms
TRUE,128,submitBlocks,64,4,16777216,32,10,1,1262.87,1355.54,ms
TRUE,128,submitBlocks,64,4,16777216,32,10,1,1265.9,1351.18,ms
TRUE,128,submitBlocks,64,4,16777216,32,10,1,1282.28,1360.15,ms
TRUE,128,submitBlocks,64,4,16777216,32,10,1,1266.08,1343.25,ms
TRUE,128,submitBlocks,64,4,16777216,32,10,1,1274.08,1350.48,ms
TRUE,128,submitBlocks,64,4,16777216,64,10,1,1102.63,1178.2,ms
TRUE,128,submitBlocks,64,4,16777216,64,10,1,1101.66,1186.34,ms
TRUE,128,submitBlocks,64,4,16777216,64,10,1,1100.47,1191.14,ms
TRUE,128,submitBlocks,64,4,16777216,64,10,1,1108.84,1191.15,ms
TRUE,128,submitBlocks,64,4,16777216,64,10,1,1105.77,1196.93,ms
TRUE,128,submitBlocks,64,4,16777216,64,10,1,1111.45,1186.12,ms
TRUE,128,submitBlocks,64,4,16777216,64,10,1,1108.43,1184.08,ms
TRUE,128,submitBlocks,64,4,16777216,64,10,1,1186.92,1278.73,ms
TRUE,128,submitBlocks,64,4,16777216,64,10,1,1120.15,1208.28,ms
TRUE,128,submitBlocks,64,4,16777216,64,10,1,1108.01,1182.97,ms
TRUE,128,submitBlocks,64,4,16777216,128,10,1,1037.21,1124.13,ms
TRUE,128,submitBlocks,64,4,16777216,128,10,1,1034.56,1106.32,ms
TRUE,128,submitBlocks,64,4,16777216,128,10,1,1040.18,1118.9,ms
TRUE,128,submitBlocks,64,4,16777216,128,10,1,1041.5,1113.92,ms
TRUE,128,submitBlocks,64,4,16777216,128,10,1,1009.35,1096.39,ms
TRUE,128,submitBlocks,64,4,16777216,128,10,1,1021.47,1094.54,ms
TRUE,128,submitBlocks,64,4,16777216,128,10,1,1037.31,1114.83,ms
TRUE,128,submitBlocks,64,4,16777216,128,10,1,1034.17,1105.24,ms
TRUE,128,submitBlocks,64,4,16777216,128,10,1,1089.55,1169.04,ms
TRUE,128,submitBlocks,64,4,16777216,128,10,1,1037.25,1123.16,ms
TRUE,128,submitBlocks,64,4,16777216,256,10,1,1020.71,1109.78,ms
TRUE,128,submitBlocks,64,4,16777216,256,10,1,1056.64,1128.14,ms
TRUE,128,submitBlocks,64,4,16777216,256,10,1,1018.26,1087.84,ms
TRUE,128,submitBlocks,64,4,16777216,256,10,1,1056.23,1125.7,ms
TRUE,128,submitBlocks,64,4,16777216,256,10,1,1016.66,1086.64,ms
TRUE,128,submitBlocks,64,4,16777216,256,10,1,1091.9,1172.71,ms
TRUE,128,submitBlocks,64,4,16777216,256,10,1,1092.98,1175.64,ms
TRUE,128,submitBlocks,64,4,16777216,256,10,1,1067.98,1138.63,ms
TRUE,128,submitBlocks,64,4,16777216,256,10,1,1070.13,1155.22,ms
TRUE,128,submitBlocks,64,4,16777216,256,10,1,1017.38,1100.54,ms
TRUE,128,submitBlocks,64,4,16777216,512,10,1,1112.27,1194.39,ms
TRUE,128,submitBlocks,64,4,16777216,512,10,1,1143.34,1223.71,ms
TRUE,128,submitBlocks,64,4,16777216,512,10,1,1150.97,1232.9,ms
TRUE,128,submitBlocks,64,4,16777216,512,10,1,1074.94,1145.2,ms
TRUE,128,submitBlocks,64,4,16777216,512,10,1,1057.28,1126.8,ms
TRUE,128,submitBlocks,64,4,16777216,512,10,1,1076,1162.61,ms
TRUE,128,submitBlocks,64,4,16777216,512,10,1,1144.13,1226.89,ms
TRUE,128,submitBlocks,64,4,16777216,512,10,1,1095.34,1162.57,ms
TRUE,128,submitBlocks,64,4,16777216,512,10,1,1086.56,1155.28,ms
TRUE,128,submitBlocks,64,4,16777216,512,10,1,1140.54,1217.66,ms
TRUE,128,submitBlocks,64,4,16777216,1024,10,1,1106.06,1174.5,ms
TRUE,128,submitBlocks,64,4,16777216,1024,10,1,1152.36,1221.36,ms
TRUE,128,submitBlocks,64,4,16777216,1024,10,1,1121.72,1204.66,ms
TRUE,128,submitBlocks,64,4,16777216,1024,10,1,1037.3,1104.43,ms
TRUE,128,submitBlocks,64,4,16777216,1024,10,1,1121.19,1203.08,ms
TRUE,128,submitBlocks,64,4,16777216,1024,10,1,1099.79,1180.29,ms
TRUE,128,submitBlocks,64,4,16777216,1024,10,1,1153.12,1222.02,ms
TRUE,128,submitBlocks,64,4,16777216,1024,10,1,1142.65,1225.79,ms
TRUE,128,submitBlocks,64,4,16777216,1024,10,1,1063.5,1131.5,ms
TRUE,128,submitBlocks,64,4,16777216,1024,10,1,1077.38,1159.32,ms
TRUE,128,submitBlocks,64,4,16777216,2048,10,1,1110.37,1192.1,ms
TRUE,128,submitBlocks,64,4,16777216,2048,10,1,1083.17,1165.19,ms
TRUE,128,submitBlocks,64,4,16777216,2048,10,1,1006.84,1074.52,ms
TRUE,128,submitBlocks,64,4,16777216,2048,10,1,1076.01,1159.05,ms
TRUE,128,submitBlocks,64,4,16777216,2048,10,1,1045.15,1123.93,ms
TRUE,128,submitBlocks,64,4,16777216,2048,10,1,1056.02,1144.56,ms
TRUE,128,submitBlocks,64,4,16777216,2048,10,1,1160.97,1246.54,ms
TRUE,128,submitBlocks,64,4,16777216,2048,10,1,1077.54,1162.6,ms
TRUE,128,submitBlocks,64,4,16777216,2048,10,1,1103.76,1187.77,ms
TRUE,128,submitBlocks,64,4,16777216,2048,10,1,1025.42,1104.6,ms
TRUE,128,submitBlocks,64,4,16777216,4096,10,1,1042.3,1121.14,ms
TRUE,128,submitBlocks,64,4,16777216,4096,10,1,977.136,1046.31,ms
TRUE,128,submitBlocks,64,4,16777216,4096,10,1,1030.31,1110.67,ms
TRUE,128,submitBlocks,64,4,16777216,4096,10,1,1004.65,1090.29,ms
TRUE,128,submitBlocks,64,4,16777216,4096,10,1,1048,1130.13,ms
TRUE,128,submitBlocks,64,4,16777216,4096,10,1,1044.6,1129.33,ms
TRUE,128,submitBlocks,64,4,16777216,4096,10,1,1057.05,1136.93,ms
TRUE,128,submitBlocks,64,4,16777216,4096,10,1,978.339,1037.07,ms
TRUE,128,submitBlocks,64,4,16777216,4096,10,1,995.233,1077.11,ms
TRUE,128,submitBlocks,64,4,16777216,4096,10,1,1055.22,1130.04,ms
TRUE,128,submitBlocks,64,4,16777216,8192,10,1,1045.99,1118.07,ms
TRUE,128,submitBlocks,64,4,16777216,8192,10,1,993.047,1072.07,ms
TRUE,128,submitBlocks,64,4,16777216,8192,10,1,1023.12,1091.75,ms
TRUE,128,submitBlocks,64,4,16777216,8192,10,1,1054.25,1134.33,ms
TRUE,128,submitBlocks,64,4,16777216,8192,10,1,1052.73,1141.09,ms
TRUE,128,submitBlocks,64,4,16777216,8192,10,1,1021.24,1099.9,ms
TRUE,128,submitBlocks,64,4,16777216,8192,10,1,1050.63,1132.05,ms
TRUE,128,submitBlocks,64,4,16777216,8192,10,1,1040.02,1120.44,ms
TRUE,128,submitBlocks,64,4,16777216,8192,10,1,1046.01,1131.65,ms
TRUE,128,submitBlocks,64,4,16777216,8192,10,1,1095.28,1179.31,ms
TRUE,128,submitBlocks,64,4,16777216,16384,10,1,1078.8,1163.61,ms
TRUE,128,submitBlocks,64,4,16777216,16384,10,1,1095.81,1170.82,ms
TRUE,128,submitBlocks,64,4,16777216,16384,10,1,1108.7,1193.51,ms
TRUE,128,submitBlocks,64,4,16777216,16384,10,1,1111.25,1191.53,ms
TRUE,128,submitBlocks,64,4,16777216,16384,10,1,1107.77,1193.49,ms
TRUE,128,submitBlocks,64,4,16777216,16384,10,1,1073.92,1143.32,ms
TRUE,128,submitBlocks,64,4,16777216,16384,10,1,1111.75,1198.79,ms
TRUE,128,submitBlocks,64,4,16777216,16384,10,1,1071.35,1151.74,ms
TRUE,128,submitBlocks,64,4,16777216,16384,10,1,1107.34,1189.72,ms
TRUE,128,submitBlocks,64,4,16777216,16384,10,1,1080.44,1158.64,ms
TRUE,128,submitBlocks,64,4,16777216,32768,10,1,1203.88,1286.02,ms
TRUE,128,submitBlocks,64,4,16777216,32768,10,1,1244.16,1329.99,ms
TRUE,128,submitBlocks,64,4,16777216,32768,10,1,1231.73,1314.8,ms
TRUE,128,submitBlocks,64,4,16777216,32768,10,1,1239.51,1321.9,ms
TRUE,128,submitBlocks,64,4,16777216,32768,10,1,1249.95,1334.38,ms
TRUE,128,submitBlocks,64,4,16777216,32768,10,1,1240.03,1328.12,ms
TRUE,128,submitBlocks,64,4,16777216,32768,10,1,1259.91,1348.83,ms
TRUE,128,submitBlocks,64,4,16777216,32768,10,1,1232.63,1319.99,ms
TRUE,128,submitBlocks,64,4,16777216,32768,10,1,1239.08,1324.11,ms
TRUE,128,submitBlocks,64,4,16777216,32768,10,1,1242.73,1330.55,ms
TRUE,128,submitBlocks,64,4,16777216,65536,10,1,1399.19,1461.96,ms
TRUE,128,submitBlocks,64,4,16777216,65536,10,1,1392.59,1454.09,ms
TRUE,128,submitBlocks,64,4,16777216,65536,10,1,1359.87,1413.97,ms
TRUE,128,submitBlocks,64,4,16777216,65536,10,1,1390.61,1448.27,ms
TRUE,128,submitBlocks,64,4,16777216,65536,10,1,1416.02,1477.01,ms
TRUE,128,submitBlocks,64,4,16777216,65536,10,1,1400.77,1463.8,ms
TRUE,128,submitBlocks,64,4,16777216,65536,10,1,1373.98,1424.12,ms
TRUE,128,submitBlocks,64,4,16777216,65536,10,1,1396.96,1454.76,ms
TRUE,128,submitBlocks,64,4,16777216,65536,10,1,1388.79,1445.22,ms
TRUE,128,submitBlocks,64,4,16777216,65536,10,1,1397.66,1455.8,ms
TRUE,128,submitBlocks,64,4,16777216,131072,10,1,1643.22,1688.08,ms
TRUE,128,submitBlocks,64,4,16777216,131072,10,1,1650,1697.45,ms
TRUE,128,submitBlocks,64,4,16777216,131072,10,1,1694.18,1746.97,ms
TRUE,128,submitBlocks,64,4,16777216,131072,10,1,1690.27,1743.65,ms
TRUE,128,submitBlocks,64,4,16777216,131072,10,1,1671.22,1718.79,ms
TRUE,128,submitBlocks,64,4,16777216,131072,10,1,1677.87,1726.5,ms
TRUE,128,submitBlocks,64,4,16777216,131072,10,1,1686.08,1736.78,ms
TRUE,128,submitBlocks,64,4,16777216,131072,10,1,1671.27,1742.53,ms
TRUE,128,submitBlocks,64,4,16777216,131072,10,1,1675.49,1725.3,ms
TRUE,128,submitBlocks,64,4,16777216,131072,10,1,1675.81,1723.28,ms
TRUE,128,submitBlocks,64,4,16777216,262144,10,1,2059.41,2100.33,ms
TRUE,128,submitBlocks,64,4,16777216,262144,10,1,2088.53,2131.21,ms
TRUE,128,submitBlocks,64,4,16777216,262144,10,1,2059.26,2106.09,ms
TRUE,128,submitBlocks,64,4,16777216,262144,10,1,2076.04,2115.27,ms
TRUE,128,submitBlocks,64,4,16777216,262144,10,1,2087.88,2125.99,ms
TRUE,128,submitBlocks,64,4,16777216,262144,10,1,2089.41,2128.93,ms
TRUE,128,submitBlocks,64,4,16777216,262144,10,1,2094.84,2133.76,ms
TRUE,128,submitBlocks,64,4,16777216,262144,10,1,2078.25,2117.49,ms
TRUE,128,submitBlocks,64,4,16777216,262144,10,1,2074.68,2115.23,ms
TRUE,128,submitBlocks,64,4,16777216,262144,10,1,2061.05,2099.64,ms
TRUE,16,submitBlocks,64,4,16777216,1,10,1,2285.51,53145.7,ms
TRUE,16,submitBlocks,64,4,16777216,1,10,1,2279.18,2365.18,ms
TRUE,16,submitBlocks,64,4,16777216,1,10,1,2286.89,2346.58,ms
TRUE,16,submitBlocks,64,4,16777216,1,10,1,2275.97,2342.17,ms
TRUE,16,submitBlocks,64,4,16777216,1,10,1,2277.33,2341.01,ms
TRUE,16,submitBlocks,64,4,16777216,1,10,1,2275.93,2339.11,ms
TRUE,16,submitBlocks,64,4,16777216,1,10,1,2275.12,2338.69,ms
TRUE,16,submitBlocks,64,4,16777216,1,10,1,2312.15,2372.83,ms
TRUE,16,submitBlocks,64,4,16777216,1,10,1,2275.42,2347.4,ms
TRUE,16,submitBlocks,64,4,16777216,1,10,1,2273.5,2353.26,ms
TRUE,16,submitBlocks,64,4,16777216,2,10,1,1485.14,1550.76,ms
TRUE,16,submitBlocks,64,4,16777216,2,10,1,1482.72,1549.07,ms
TRUE,16,submitBlocks,64,4,16777216,2,10,1,1484.52,1544.33,ms
TRUE,16,submitBlocks,64,4,16777216,2,10,1,1489.23,1567.99,ms
TRUE,16,submitBlocks,64,4,16777216,2,10,1,1484.91,1544.78,ms
TRUE,16,submitBlocks,64,4,16777216,2,10,1,1482.29,1549.24,ms
TRUE,16,submitBlocks,64,4,16777216,2,10,1,1486.86,1542.12,ms
TRUE,16,submitBlocks,64,4,16777216,2,10,1,1486.31,1551.64,ms
TRUE,16,submitBlocks,64,4,16777216,2,10,1,1533.47,1615.88,ms
TRUE,16,submitBlocks,64,4,16777216,2,10,1,1488.93,1556.94,ms
TRUE,16,submitBlocks,64,4,16777216,4,10,1,1084.47,1140.94,ms
TRUE,16,submitBlocks,64,4,16777216,4,10,1,1076.42,1136.12,ms
TRUE,16,submitBlocks,64,4,16777216,4,10,1,1076.71,1140.77,ms
TRUE,16,submitBlocks,64,4,16777216,4,10,1,1074.66,1136.25,ms
TRUE,16,submitBlocks,64,4,16777216,4,10,1,1184.95,1260.66,ms
TRUE,16,submitBlocks,64,4,16777216,4,10,1,1076.08,1136.4,ms
TRUE,16,submitBlocks,64,4,16777216,4,10,1,1075.54,1138.76,ms
TRUE,16,submitBlocks,64,4,16777216,4,10,1,1234.54,1312.72,ms
TRUE,16,submitBlocks,64,4,16777216,4,10,1,1114.57,1170.82,ms
TRUE,16,submitBlocks,64,4,16777216,4,10,1,1076.85,1150.33,ms
TRUE,16,submitBlocks,64,4,16777216,8,10,1,875.491,932.362,ms
TRUE,16,submitBlocks,64,4,16777216,8,10,1,879.314,940.507,ms
TRUE,16,submitBlocks,64,4,16777216,8,10,1,875.239,938.318,ms
TRUE,16,submitBlocks,64,4,16777216,8,10,1,877.091,936.918,ms
TRUE,16,submitBlocks,64,4,16777216,8,10,1,874.089,932.719,ms
TRUE,16,submitBlocks,64,4,16777216,8,10,1,878.142,936.999,ms
TRUE,16,submitBlocks,64,4,16777216,8,10,1,874.415,929.673,ms
TRUE,16,submitBlocks,64,4,16777216,8,10,1,874.959,938.332,ms
TRUE,16,submitBlocks,64,4,16777216,8,10,1,875.351,940.386,ms
TRUE,16,submitBlocks,64,4,16777216,8,10,1,874.593,935.319,ms
TRUE,16,submitBlocks,64,4,16777216,16,10,1,760.083,821.53,ms
TRUE,16,submitBlocks,64,4,16777216,16,10,1,745.21,807.395,ms
TRUE,16,submitBlocks,64,4,16777216,16,10,1,744.958,833.823,ms
TRUE,16,submitBlocks,64,4,16777216,16,10,1,745.341,843.03,ms
TRUE,16,submitBlocks,64,4,16777216,16,10,1,742.645,827.632,ms
TRUE,16,submitBlocks,64,4,16777216,16,10,1,755.98,836.514,ms
TRUE,16,submitBlocks,64,4,16777216,16,10,1,737.43,821.519,ms
TRUE,16,submitBlocks,64,4,16777216,16,10,1,744.841,826.696,ms
TRUE,16,submitBlocks,64,4,16777216,16,10,1,748.157,833.89,ms
TRUE,16,submitBlocks,64,4,16777216,16,10,1,856.841,942.323,ms
TRUE,16,submitBlocks,64,4,16777216,32,10,1,731.688,834.933,ms
TRUE,16,submitBlocks,64,4,16777216,32,10,1,679.128,769.146,ms
TRUE,16,submitBlocks,64,4,16777216,32,10,1,680.777,771.606,ms
TRUE,16,submitBlocks,64,4,16777216,32,10,1,679.657,771.125,ms
TRUE,16,submitBlocks,64,4,16777216,32,10,1,789.124,901.898,ms
TRUE,16,submitBlocks,64,4,16777216,32,10,1,679.689,770.276,ms
TRUE,16,submitBlocks,64,4,16777216,32,10,1,717.166,807.135,ms
TRUE,16,submitBlocks,64,4,16777216,32,10,1,763.738,874.591,ms
TRUE,16,submitBlocks,64,4,16777216,32,10,1,679.048,769.308,ms
TRUE,16,submitBlocks,64,4,16777216,32,10,1,758.088,867.326,ms
TRUE,16,submitBlocks,64,4,16777216,64,10,1,649.879,737.311,ms
TRUE,16,submitBlocks,64,4,16777216,64,10,1,651.405,740.217,ms
TRUE,16,submitBlocks,64,4,16777216,64,10,1,677.822,781.721,ms
TRUE,16,submitBlocks,64,4,16777216,64,10,1,683.274,777.205,ms
TRUE,16,submitBlocks,64,4,16777216,64,10,1,637.418,725.193,ms
TRUE,16,submitBlocks,64,4,16777216,64,10,1,651.114,738.784,ms
TRUE,16,submitBlocks,64,4,16777216,64,10,1,650.584,737.055,ms
TRUE,16,submitBlocks,64,4,16777216,64,10,1,648.282,736.346,ms
TRUE,16,submitBlocks,64,4,16777216,64,10,1,648.764,736.985,ms
TRUE,16,submitBlocks,64,4,16777216,64,10,1,650.977,737.938,ms
TRUE,16,submitBlocks,64,4,16777216,128,10,1,636.164,721.687,ms
TRUE,16,submitBlocks,64,4,16777216,128,10,1,620.21,707,ms
TRUE,16,submitBlocks,64,4,16777216,128,10,1,688.701,791.821,ms
TRUE,16,submitBlocks,64,4,16777216,128,10,1,620.066,723.817,ms
TRUE,16,submitBlocks,64,4,16777216,128,10,1,621.383,706.838,ms
TRUE,16,submitBlocks,64,4,16777216,128,10,1,636.711,722.203,ms
TRUE,16,submitBlocks,64,4,16777216,128,10,1,677.634,783.532,ms
TRUE,16,submitBlocks,64,4,16777216,128,10,1,632.243,717.54,ms
TRUE,16,submitBlocks,64,4,16777216,128,10,1,620.518,705.812,ms
TRUE,16,submitBlocks,64,4,16777216,128,10,1,681.375,782.403,ms
TRUE,16,submitBlocks,64,4,16777216,256,10,1,607.336,688.143,ms
TRUE,16,submitBlocks,64,4,16777216,256,10,1,608.022,693.595,ms
TRUE,16,submitBlocks,64,4,16777216,256,10,1,618.346,700.412,ms
TRUE,16,submitBlocks,64,4,16777216,256,10,1,607.541,693.163,ms
TRUE,16,submitBlocks,64,4,16777216,256,10,1,608.538,695.345,ms
TRUE,16,submitBlocks,64,4,16777216,256,10,1,617.295,701.359,ms
TRUE,16,submitBlocks,64,4,16777216,256,10,1,609.09,693.75,ms
TRUE,16,submitBlocks,64,4,16777216,256,10,1,609.961,693.747,ms
TRUE,16,submitBlocks,64,4,16777216,256,10,1,622.454,707.769,ms
TRUE,16,submitBlocks,64,4,16777216,256,10,1,621.755,707.228,ms
TRUE,16,submitBlocks,64,4,16777216,512,10,1,602.005,705.397,ms
TRUE,16,submitBlocks,64,4,16777216,512,10,1,601.763,682.548,ms
TRUE,16,submitBlocks,64,4,16777216,512,10,1,609.274,690.231,ms
TRUE,16,submitBlocks,64,4,16777216,512,10,1,602.489,696.524,ms
TRUE,16,submitBlocks,64,4,16777216,512,10,1,602.416,685.98,ms
TRUE,16,submitBlocks,64,4,16777216,512,10,1,614.357,698.54,ms
TRUE,16,submitBlocks,64,4,16777216,512,10,1,665.098,738.481,ms
TRUE,16,submitBlocks,64,4,16777216,512,10,1,602.348,687.011,ms
TRUE,16,submitBlocks,64,4,16777216,512,10,1,610.152,695.073,ms
TRUE,16,submitBlocks,64,4,16777216,512,10,1,609.509,707.923,ms
TRUE,16,submitBlocks,64,4,16777216,1024,10,1,612.928,699.619,ms
TRUE,16,submitBlocks,64,4,16777216,1024,10,1,611.646,705.564,ms
TRUE,16,submitBlocks,64,4,16777216,1024,10,1,612.162,694.336,ms
TRUE,16,submitBlocks,64,4,16777216,1024,10,1,612.34,692.124,ms
TRUE,16,submitBlocks,64,4,16777216,1024,10,1,611.723,693.284,ms
TRUE,16,submitBlocks,64,4,16777216,1024,10,1,596.864,674.801,ms
TRUE,16,submitBlocks,64,4,16777216,1024,10,1,602.208,680.837,ms
TRUE,16,submitBlocks,64,4,16777216,1024,10,1,602.299,682.492,ms
TRUE,16,submitBlocks,64,4,16777216,1024,10,1,611.995,686.947,ms
TRUE,16,submitBlocks,64,4,16777216,1024,10,1,611.489,690.6,ms
TRUE,16,submitBlocks,64,4,16777216,2048,10,1,612.679,685.055,ms
TRUE,16,submitBlocks,64,4,16777216,2048,10,1,605.645,676.25,ms
TRUE,16,submitBlocks,64,4,16777216,2048,10,1,599.126,674.731,ms
TRUE,16,submitBlocks,64,4,16777216,2048,10,1,613.809,689.407,ms
TRUE,16,submitBlocks,64,4,16777216,2048,10,1,611.026,687.996,ms
TRUE,16,submitBlocks,64,4,16777216,2048,10,1,636.782,728.716,ms
TRUE,16,submitBlocks,64,4,16777216,2048,10,1,598.778,675.793,ms
TRUE,16,submitBlocks,64,4,16777216,2048,10,1,609.79,686.309,ms
TRUE,16,submitBlocks,64,4,16777216,2048,10,1,598.741,674.233,ms
TRUE,16,submitBlocks,64,4,16777216,2048,10,1,609.543,686.195,ms
TRUE,16,submitBlocks,64,4,16777216,4096,10,1,615.439,683.678,ms
TRUE,16,submitBlocks,64,4,16777216,4096,10,1,622.926,688.326,ms
TRUE,16,submitBlocks,64,4,16777216,4096,10,1,616.529,681.088,ms
TRUE,16,submitBlocks,64,4,16777216,4096,10,1,618.737,686.103,ms
TRUE,16,submitBlocks,64,4,16777216,4096,10,1,613.769,678.78,ms
TRUE,16,submitBlocks,64,4,16777216,4096,10,1,611.987,682.064,ms
TRUE,16,submitBlocks,64,4,16777216,4096,10,1,615.611,679.251,ms
TRUE,16,submitBlocks,64,4,16777216,4096,10,1,617.285,687.113,ms
TRUE,16,submitBlocks,64,4,16777216,4096,10,1,615.718,681.405,ms
TRUE,16,submitBlocks,64,4,16777216,4096,10,1,612.6,680.928,ms
TRUE,16,submitBlocks,64,4,16777216,8192,10,1,632.628,697.898,ms
TRUE,16,submitBlocks,64,4,16777216,8192,10,1,643.825,712.302,ms
TRUE,16,submitBlocks,64,4,16777216,8192,10,1,647.868,741.991,ms
TRUE,16,submitBlocks,64,4,16777216,8192,10,1,629.951,699.946,ms
TRUE,16,submitBlocks,64,4,16777216,8192,10,1,629.077,697.058,ms
TRUE,16,submitBlocks,64,4,16777216,8192,10,1,631.45,694.318,ms
TRUE,16,submitBlocks,64,4,16777216,8192,10,1,634.483,720.865,ms
TRUE,16,submitBlocks,64,4,16777216,8192,10,1,630.381,700.595,ms
TRUE,16,submitBlocks,64,4,16777216,8192,10,1,627.762,694.522,ms
TRUE,16,submitBlocks,64,4,16777216,8192,10,1,634.389,701.803,ms
TRUE,16,submitBlocks,64,4,16777216,16384,10,1,673.927,762.728,ms
TRUE,16,submitBlocks,64,4,16777216,16384,10,1,656.824,720.776,ms
TRUE,16,submitBlocks,64,4,16777216,16384,10,1,659.722,720.19,ms
TRUE,16,submitBlocks,64,4,16777216,16384,10,1,660.591,726.2,ms
TRUE,16,submitBlocks,64,4,16777216,16384,10,1,662.578,729.748,ms
TRUE,16,submitBlocks,64,4,16777216,16384,10,1,658.906,725.894,ms
TRUE,16,submitBlocks,64,4,16777216,16384,10,1,657.81,721.822,ms
TRUE,16,submitBlocks,64,4,16777216,16384,10,1,658.837,722.303,ms
TRUE,16,submitBlocks,64,4,16777216,16384,10,1,663.125,730.237,ms
TRUE,16,submitBlocks,64,4,16777216,16384,10,1,665.084,737.881,ms
TRUE,16,submitBlocks,64,4,16777216,32768,10,1,710.053,724.383,ms
TRUE,16,submitBlocks,64,4,16777216,32768,10,1,749.77,882.553,ms
TRUE,16,submitBlocks,64,4,16777216,32768,10,1,748.666,831.127,ms
TRUE,16,submitBlocks,64,4,16777216,32768,10,1,708.711,765.58,ms
TRUE,16,submitBlocks,64,4,16777216,32768,10,1,711.213,794.97,ms
TRUE,16,submitBlocks,64,4,16777216,32768,10,1,708.437,764.1,ms
TRUE,16,submitBlocks,64,4,16777216,32768,10,1,750.214,836.236,ms
TRUE,16,submitBlocks,64,4,16777216,32768,10,1,731.336,811.65,ms
TRUE,16,submitBlocks,64,4,16777216,32768,10,1,720.934,803.361,ms
TRUE,16,submitBlocks,64,4,16777216,32768,10,1,759.507,840.562,ms
TRUE,16,submitBlocks,64,4,16777216,65536,10,1,746.338,787.551,ms
TRUE,16,submitBlocks,64,4,16777216,65536,10,1,756.849,809.515,ms
TRUE,16,submitBlocks,64,4,16777216,65536,10,1,735.76,774.881,ms
TRUE,16,submitBlocks,64,4,16777216,65536,10,1,798.019,841.639,ms
TRUE,16,submitBlocks,64,4,16777216,65536,10,1,784.431,835.545,ms
TRUE,16,submitBlocks,64,4,16777216,65536,10,1,775.032,830.229,ms
TRUE,16,submitBlocks,64,4,16777216,65536,10,1,751.613,806.337,ms
TRUE,16,submitBlocks,64,4,16777216,65536,10,1,742.527,780.102,ms
TRUE,16,submitBlocks,64,4,16777216,65536,10,1,745.985,784.453,ms
TRUE,16,submitBlocks,64,4,16777216,65536,10,1,754.342,792.059,ms
TRUE,16,submitBlocks,64,4,16777216,131072,10,1,817.547,849.363,ms
TRUE,16,submitBlocks,64,4,16777216,131072,10,1,821.632,854.654,ms
TRUE,16,submitBlocks,64,4,16777216,131072,10,1,853.632,904.671,ms
TRUE,16,submitBlocks,64,4,16777216,131072,10,1,812.498,849.008,ms
TRUE,16,submitBlocks,64,4,16777216,131072,10,1,817.002,850.564,ms
TRUE,16,submitBlocks,64,4,16777216,131072,10,1,827.327,874.849,ms
TRUE,16,submitBlocks,64,4,16777216,131072,10,1,810.619,844.82,ms
TRUE,16,submitBlocks,64,4,16777216,131072,10,1,853.105,904.269,ms
TRUE,16,submitBlocks,64,4,16777216,131072,10,1,823.606,857.935,ms
TRUE,16,submitBlocks,64,4,16777216,131072,10,1,864.638,911.745,ms
TRUE,16,submitBlocks,64,4,16777216,262144,10,1,942.571,970.821,ms
TRUE,16,submitBlocks,64,4,16777216,262144,10,1,978.594,1023.33,ms
TRUE,16,submitBlocks,64,4,16777216,262144,10,1,931.796,962.539,ms
TRUE,16,submitBlocks,64,4,16777216,262144,10,1,926.582,958.566,ms
TRUE,16,submitBlocks,64,4,16777216,262144,10,1,936.509,967.414,ms
TRUE,16,submitBlocks,64,4,16777216,262144,10,1,973.4,1020.37,ms
TRUE,16,submitBlocks,64,4,16777216,262144,10,1,968.634,1009.12,ms
TRUE,16,submitBlocks,64,4,16777216,262144,10,1,963.478,1007.08,ms
TRUE,16,submitBlocks,64,4,16777216,262144,10,1,944.137,988.425,ms
TRUE,16,submitBlocks,64,4,16777216,262144,10,1,983.567,1028.06,ms
TRUE,1,submitBlocks,64,4,16777216,1,10,1,903.986,26485.4,ms
TRUE,1,submitBlocks,64,4,16777216,1,10,1,761.328,812.606,ms
TRUE,1,submitBlocks,64,4,16777216,1,10,1,767.304,810.283,ms
TRUE,1,submitBlocks,64,4,16777216,1,10,1,764.65,798.886,ms
TRUE,1,submitBlocks,64,4,16777216,1,10,1,761.962,806.38,ms
TRUE,1,submitBlocks,64,4,16777216,1,10,1,766.829,812.097,ms
TRUE,1,submitBlocks,64,4,16777216,1,10,1,764.714,801.608,ms
TRUE,1,submitBlocks,64,4,16777216,1,10,1,768.128,809.631,ms
TRUE,1,submitBlocks,64,4,16777216,1,10,1,765.068,807.107,ms
TRUE,1,submitBlocks,64,4,16777216,1,10,1,768.454,805.792,ms
TRUE,1,submitBlocks,64,4,16777216,2,10,1,606.92,659.391,ms
TRUE,1,submitBlocks,64,4,16777216,2,10,1,608.344,638.529,ms
TRUE,1,submitBlocks,64,4,16777216,2,10,1,611.614,652.531,ms
TRUE,1,submitBlocks,64,4,16777216,2,10,1,609.186,657.091,ms
TRUE,1,submitBlocks,64,4,16777216,2,10,1,609.181,644.789,ms
TRUE,1,submitBlocks,64,4,16777216,2,10,1,611.896,649.638,ms
TRUE,1,submitBlocks,64,4,16777216,2,10,1,607.449,646.107,ms
TRUE,1,submitBlocks,64,4,16777216,2,10,1,609.318,646.932,ms
TRUE,1,submitBlocks,64,4,16777216,2,10,1,606.898,657.028,ms
TRUE,1,submitBlocks,64,4,16777216,2,10,1,620.566,689.483,ms
TRUE,1,submitBlocks,64,4,16777216,4,10,1,507.165,538.369,ms
TRUE,1,submitBlocks,64,4,16777216,4,10,1,506.984,586.668,ms
TRUE,1,submitBlocks,64,4,16777216,4,10,1,504.025,555.544,ms
TRUE,1,submitBlocks,64,4,16777216,4,10,1,503.264,550.094,ms
TRUE,1,submitBlocks,64,4,16777216,4,10,1,502.437,538.011,ms
TRUE,1,submitBlocks,64,4,16777216,4,10,1,502.706,553.7,ms
TRUE,1,submitBlocks,64,4,16777216,4,10,1,507.672,538.542,ms
TRUE,1,submitBlocks,64,4,16777216,4,10,1,505.036,553.424,ms
TRUE,1,submitBlocks,64,4,16777216,4,10,1,504.362,536.581,ms
TRUE,1,submitBlocks,64,4,16777216,4,10,1,502.926,549.492,ms
TRUE,1,submitBlocks,64,4,16777216,8,10,1,467.094,503.412,ms
TRUE,1,submitBlocks,64,4,16777216,8,10,1,465.48,508.973,ms
TRUE,1,submitBlocks,64,4,16777216,8,10,1,467.247,508.511,ms
TRUE,1,submitBlocks,64,4,16777216,8,10,1,466.059,499.201,ms
TRUE,1,submitBlocks,64,4,16777216,8,10,1,466.267,506.461,ms
TRUE,1,submitBlocks,64,4,16777216,8,10,1,465.346,511.483,ms
TRUE,1,submitBlocks,64,4,16777216,8,10,1,467.91,501.622,ms
TRUE,1,submitBlocks,64,4,16777216,8,10,1,466.704,510.47,ms
TRUE,1,submitBlocks,64,4,16777216,8,10,1,468.618,503.649,ms
TRUE,1,submitBlocks,64,4,16777216,8,10,1,465.804,509.493,ms
TRUE,1,submitBlocks,64,4,16777216,16,10,1,448.58,492.102,ms
TRUE,1,submitBlocks,64,4,16777216,16,10,1,447.858,487.144,ms
TRUE,1,submitBlocks,64,4,16777216,16,10,1,450.624,491.283,ms
TRUE,1,submitBlocks,64,4,16777216,16,10,1,445.028,476.032,ms
TRUE,1,submitBlocks,64,4,16777216,16,10,1,445.347,491.129,ms
TRUE,1,submitBlocks,64,4,16777216,16,10,1,447.851,498.034,ms
TRUE,1,submitBlocks,64,4,16777216,16,10,1,447.597,487.833,ms
TRUE,1,submitBlocks,64,4,16777216,16,10,1,447.229,487.34,ms
TRUE,1,submitBlocks,64,4,16777216,16,10,1,447.158,484.783,ms
TRUE,1,submitBlocks,64,4,16777216,16,10,1,447.336,490.113,ms
TRUE,1,submitBlocks,64,4,16777216,32,10,1,429.48,466.825,ms
TRUE,1,submitBlocks,64,4,16777216,32,10,1,429.966,470.413,ms
TRUE,1,submitBlocks,64,4,16777216,32,10,1,431.787,468.513,ms
TRUE,1,submitBlocks,64,4,16777216,32,10,1,430.946,471.805,ms
TRUE,1,submitBlocks,64,4,16777216,32,10,1,431.5,480.164,ms
TRUE,1,submitBlocks,64,4,16777216,32,10,1,429.319,475.659,ms
TRUE,1,submitBlocks,64,4,16777216,32,10,1,429.36,473.063,ms
TRUE,1,submitBlocks,64,4,16777216,32,10,1,430.56,474.595,ms
TRUE,1,submitBlocks,64,4,16777216,32,10,1,429.891,473.844,ms
TRUE,1,submitBlocks,64,4,16777216,32,10,1,431.564,476.083,ms
TRUE,1,submitBlocks,64,4,16777216,64,10,1,423.232,470.37,ms
TRUE,1,submitBlocks,64,4,16777216,64,10,1,423.292,460.594,ms
TRUE,1,submitBlocks,64,4,16777216,64,10,1,422.526,462.706,ms
TRUE,1,submitBlocks,64,4,16777216,64,10,1,422.502,455.312,ms
TRUE,1,submitBlocks,64,4,16777216,64,10,1,422.888,465.277,ms
TRUE,1,submitBlocks,64,4,16777216,64,10,1,424.302,474.496,ms
TRUE,1,submitBlocks,64,4,16777216,64,10,1,423.618,463.812,ms
TRUE,1,submitBlocks,64,4,16777216,64,10,1,422.554,462.689,ms
TRUE,1,submitBlocks,64,4,16777216,64,10,1,424.11,464.019,ms
TRUE,1,submitBlocks,64,4,16777216,64,10,1,421.294,455.068,ms
TRUE,1,submitBlocks,64,4,16777216,128,10,1,417.743,445.316,ms
TRUE,1,submitBlocks,64,4,16777216,128,10,1,417.815,463.08,ms
TRUE,1,submitBlocks,64,4,16777216,128,10,1,419.833,484.206,ms
TRUE,1,submitBlocks,64,4,16777216,128,10,1,419.094,447.929,ms
TRUE,1,submitBlocks,64,4,16777216,128,10,1,417.272,464.621,ms
TRUE,1,submitBlocks,64,4,16777216,128,10,1,415.965,469.077,ms
TRUE,1,submitBlocks,64,4,16777216,128,10,1,416.696,456.706,ms
TRUE,1,submitBlocks,64,4,16777216,128,10,1,414.66,459.665,ms
TRUE,1,submitBlocks,64,4,16777216,128,10,1,415.379,456.53,ms
TRUE,1,submitBlocks,64,4,16777216,128,10,1,416.594,451.83,ms
TRUE,1,submitBlocks,64,4,16777216,256,10,1,412.815,455.427,ms
TRUE,1,submitBlocks,64,4,16777216,256,10,1,412.043,451.98,ms
TRUE,1,submitBlocks,64,4,16777216,256,10,1,414.733,454.39,ms
TRUE,1,submitBlocks,64,4,16777216,256,10,1,413.828,445.658,ms
TRUE,1,submitBlocks,64,4,16777216,256,10,1,413.142,451.258,ms
TRUE,1,submitBlocks,64,4,16777216,256,10,1,414.084,450.838,ms
TRUE,1,submitBlocks,64,4,16777216,256,10,1,413.932,460.085,ms
TRUE,1,submitBlocks,64,4,16777216,256,10,1,414.279,460.304,ms
TRUE,1,submitBlocks,64,4,16777216,256,10,1,413.757,459.564,ms
TRUE,1,submitBlocks,64,4,16777216,256,10,1,416.349,461.892,ms
TRUE,1,submitBlocks,64,4,16777216,512,10,1,404.553,442.713,ms
TRUE,1,submitBlocks,64,4,16777216,512,10,1,399.642,450.314,ms
TRUE,1,submitBlocks,64,4,16777216,512,10,1,403.2,459.355,ms
TRUE,1,submitBlocks,64,4,16777216,512,10,1,405.714,472.674,ms
TRUE,1,submitBlocks,64,4,16777216,512,10,1,401.687,446.234,ms
TRUE,1,submitBlocks,64,4,16777216,512,10,1,404.02,446.84,ms
TRUE,1,submitBlocks,64,4,16777216,512,10,1,401.12,449.264,ms
TRUE,1,submitBlocks,64,4,16777216,512,10,1,400.647,451.68,ms
TRUE,1,submitBlocks,64,4,16777216,512,10,1,400.08,451.989,ms
TRUE,1,submitBlocks,64,4,16777216,512,10,1,401.362,459.053,ms
TRUE,1,submitBlocks,64,4,16777216,1024,10,1,387.527,426.481,ms
TRUE,1,submitBlocks,64,4,16777216,1024,10,1,383.226,439.259,ms
TRUE,1,submitBlocks,64,4,16777216,1024,10,1,383.543,446.744,ms
TRUE,1,submitBlocks,64,4,16777216,1024,10,1,384.782,448.123,ms
TRUE,1,submitBlocks,64,4,16777216,1024,10,1,386.083,451.65,ms
TRUE,1,submitBlocks,64,4,16777216,1024,10,1,386.662,448.438,ms
TRUE,1,submitBlocks,64,4,16777216,1024,10,1,384.041,448.187,ms
TRUE,1,submitBlocks,64,4,16777216,1024,10,1,385.116,448.676,ms
TRUE,1,submitBlocks,64,4,16777216,1024,10,1,386.352,449.97,ms
TRUE,1,submitBlocks,64,4,16777216,1024,10,1,386.828,453.134,ms
TRUE,1,submitBlocks,64,4,16777216,2048,10,1,389.901,475.689,ms
TRUE,1,submitBlocks,64,4,16777216,2048,10,1,381.305,450.574,ms
TRUE,1,submitBlocks,64,4,16777216,2048,10,1,376.93,446.882,ms
TRUE,1,submitBlocks,64,4,16777216,2048,10,1,377.308,447.619,ms
TRUE,1,submitBlocks,64,4,16777216,2048,10,1,377.72,445.314,ms
TRUE,1,submitBlocks,64,4,16777216,2048,10,1,379.698,450.446,ms
TRUE,1,submitBlocks,64,4,16777216,2048,10,1,379.898,443.906,ms
TRUE,1,submitBlocks,64,4,16777216,2048,10,1,379.604,443.395,ms
TRUE,1,submitBlocks,64,4,16777216,2048,10,1,380.556,444.677,ms
TRUE,1,submitBlocks,64,4,16777216,2048,10,1,378.053,441.55,ms
TRUE,1,submitBlocks,64,4,16777216,4096,10,1,371.719,431.83,ms
TRUE,1,submitBlocks,64,4,16777216,4096,10,1,371.461,437.372,ms
TRUE,1,submitBlocks,64,4,16777216,4096,10,1,372.352,437.516,ms
TRUE,1,submitBlocks,64,4,16777216,4096,10,1,371.486,434.011,ms
TRUE,1,submitBlocks,64,4,16777216,4096,10,1,372.659,438.309,ms
TRUE,1,submitBlocks,64,4,16777216,4096,10,1,370.611,436.181,ms
TRUE,1,submitBlocks,64,4,16777216,4096,10,1,370.701,436.85,ms
TRUE,1,submitBlocks,64,4,16777216,4096,10,1,371.739,439.525,ms
TRUE,1,submitBlocks,64,4,16777216,4096,10,1,370.695,440.554,ms
TRUE,1,submitBlocks,64,4,16777216,4096,10,1,377.872,465.654,ms
TRUE,1,submitBlocks,64,4,16777216,8192,10,1,366.657,428.006,ms
TRUE,1,submitBlocks,64,4,16777216,8192,10,1,368.754,448.516,ms
TRUE,1,submitBlocks,64,4,16777216,8192,10,1,366.048,424.958,ms
TRUE,1,submitBlocks,64,4,16777216,8192,10,1,364.922,422.198,ms
TRUE,1,submitBlocks,64,4,16777216,8192,10,1,364.825,420.734,ms
TRUE,1,submitBlocks,64,4,16777216,8192,10,1,365.007,420.005,ms
TRUE,1,submitBlocks,64,4,16777216,8192,10,1,364.971,417.513,ms
TRUE,1,submitBlocks,64,4,16777216,8192,10,1,365.238,419.151,ms
TRUE,1,submitBlocks,64,4,16777216,8192,10,1,365.488,418.17,ms
TRUE,1,submitBlocks,64,4,16777216,8192,10,1,366.785,422.827,ms
TRUE,1,submitBlocks,64,4,16777216,16384,10,1,359.093,403.111,ms
TRUE,1,submitBlocks,64,4,16777216,16384,10,1,359.096,410.148,ms
TRUE,1,submitBlocks,64,4,16777216,16384,10,1,357.501,410.237,ms
TRUE,1,submitBlocks,64,4,16777216,16384,10,1,359.41,410.305,ms
TRUE,1,submitBlocks,64,4,16777216,16384,10,1,359.259,411.172,ms
TRUE,1,submitBlocks,64,4,16777216,16384,10,1,360.57,411.182,ms
TRUE,1,submitBlocks,64,4,16777216,16384,10,1,358.865,415.086,ms
TRUE,1,submitBlocks,64,4,16777216,16384,10,1,359.106,415.288,ms
TRUE,1,submitBlocks,64,4,16777216,16384,10,1,359.52,416.091,ms
TRUE,1,submitBlocks,64,4,16777216,16384,10,1,361.018,417.855,ms
TRUE,1,submitBlocks,64,4,16777216,32768,10,1,357.042,405.423,ms
TRUE,1,submitBlocks,64,4,16777216,32768,10,1,358.275,394.9,ms
TRUE,1,submitBlocks,64,4,16777216,32768,10,1,357.142,393.38,ms
TRUE,1,submitBlocks,64,4,16777216,32768,10,1,359.843,396.167,ms
TRUE,1,submitBlocks,64,4,16777216,32768,10,1,359.386,395.301,ms
TRUE,1,submitBlocks,64,4,16777216,32768,10,1,358.735,392.966,ms
TRUE,1,submitBlocks,64,4,16777216,32768,10,1,357.893,401.555,ms
TRUE,1,submitBlocks,64,4,16777216,32768,10,1,357.933,401.873,ms
TRUE,1,submitBlocks,64,4,16777216,32768,10,1,358.673,402.187,ms
TRUE,1,submitBlocks,64,4,16777216,32768,10,1,359.405,402.625,ms
TRUE,1,submitBlocks,64,4,16777216,65536,10,1,362.602,391.105,ms
TRUE,1,submitBlocks,64,4,16777216,65536,10,1,362.34,385.665,ms
TRUE,1,submitBlocks,64,4,16777216,65536,10,1,361.418,386.147,ms
TRUE,1,submitBlocks,64,4,16777216,65536,10,1,361.334,386.578,ms
TRUE,1,submitBlocks,64,4,16777216,65536,10,1,361.174,385.33,ms
TRUE,1,submitBlocks,64,4,16777216,65536,10,1,361.414,384.37,ms
TRUE,1,submitBlocks,64,4,16777216,65536,10,1,361.988,386.056,ms
TRUE,1,submitBlocks,64,4,16777216,65536,10,1,361.112,385.717,ms
TRUE,1,submitBlocks,64,4,16777216,65536,10,1,361.8,386.065,ms
TRUE,1,submitBlocks,64,4,16777216,65536,10,1,361.235,386.734,ms
TRUE,1,submitBlocks,64,4,16777216,131072,10,1,382.264,395.208,ms
TRUE,1,submitBlocks,64,4,16777216,131072,10,1,382.871,399.161,ms
TRUE,1,submitBlocks,64,4,16777216,131072,10,1,382.787,400.781,ms
TRUE,1,submitBlocks,64,4,16777216,131072,10,1,382.466,399.634,ms
TRUE,1,submitBlocks,64,4,16777216,131072,10,1,383.552,399.781,ms
TRUE,1,submitBlocks,64,4,16777216,131072,10,1,381.43,398.813,ms
TRUE,1,submitBlocks,64,4,16777216,131072,10,1,380.837,399.724,ms
TRUE,1,submitBlocks,64,4,16777216,131072,10,1,381.629,401.051,ms
TRUE,1,submitBlocks,64,4,16777216,131072,10,1,381.028,400.27,ms
TRUE,1,submitBlocks,64,4,16777216,131072,10,1,380.864,401.443,ms
TRUE,1,submitBlocks,64,4,16777216,262144,10,1,411.803,427.408,ms
TRUE,1,submitBlocks,64,4,16777216,262144,10,1,412.235,427.618,ms
TRUE,1,submitBlocks,64,4,16777216,262144,10,1,413.297,428.883,ms
TRUE,1,submitBlocks,64,4,16777216,262144,10,1,411.282,426.164,ms
TRUE,1,submitBlocks,64,4,16777216,262144,10,1,413.298,428.61,ms
TRUE,1,submitBlocks,64,4,16777216,262144,10,1,412.272,427.65,ms
TRUE,1,submitBlocks,64,4,16777216,262144,10,1,412.406,427.861,ms
TRUE,1,submitBlocks,64,4,16777216,262144,10,1,412.369,427.217,ms
TRUE,1,submitBlocks,64,4,16777216,262144,10,1,411.428,426.57,ms
TRUE,1,submitBlocks,64,4,16777216,262144,10,1,411.626,427.323,ms
TRUE,256,submitBlocks,64,4,16777216,1,10,1,63934.3,146725,ms
TRUE,256,submitBlocks,64,4,16777216,1,10,1,63918,64011.2,ms
TRUE,256,submitBlocks,64,4,16777216,1,10,1,63918.3,64021,ms
TRUE,256,submitBlocks,64,4,16777216,1,10,1,63917.5,64021.3,ms
TRUE,256,submitBlocks,64,4,16777216,1,10,1,63914.3,64006,ms
TRUE,256,submitBlocks,64,4,16777216,1,10,1,63916.3,64043.9,ms
TRUE,256,submitBlocks,64,4,16777216,1,10,1,63906.1,64026.9,ms
TRUE,256,submitBlocks,64,4,16777216,1,10,1,63907.8,64008.1,ms
TRUE,256,submitBlocks,64,4,16777216,1,10,1,63930.9,64054.5,ms
TRUE,256,submitBlocks,64,4,16777216,1,10,1,63925.7,64031.4,ms
TRUE,256,submitBlocks,64,4,16777216,2,10,1,32602.5,32722.1,ms
TRUE,256,submitBlocks,64,4,16777216,2,10,1,32571.8,32673.4,ms
TRUE,256,submitBlocks,64,4,16777216,2,10,1,32565,32673.1,ms
TRUE,256,submitBlocks,64,4,16777216,2,10,1,32566.4,32685.1,ms
TRUE,256,submitBlocks,64,4,16777216,2,10,1,32590.4,32698.5,ms
TRUE,256,submitBlocks,64,4,16777216,2,10,1,32584.8,32693.7,ms
TRUE,256,submitBlocks,64,4,16777216,2,10,1,32567.2,32678.9,ms
TRUE,256,submitBlocks,64,4,16777216,2,10,1,32597.2,32703.4,ms
TRUE,256,submitBlocks,64,4,16777216,2,10,1,32603.2,32714.9,ms
TRUE,256,submitBlocks,64,4,16777216,2,10,1,32739.2,32856.4,ms
TRUE,256,submitBlocks,64,4,16777216,4,10,1,16851.2,16949.2,ms
TRUE,256,submitBlocks,64,4,16777216,4,10,1,16830.5,16938.2,ms
TRUE,256,submitBlocks,64,4,16777216,4,10,1,16837.8,16946.3,ms
TRUE,256,submitBlocks,64,4,16777216,4,10,1,16843.8,16951.5,ms
TRUE,256,submitBlocks,64,4,16777216,4,10,1,16861.8,16976.6,ms
TRUE,256,submitBlocks,64,4,16777216,4,10,1,16843.7,16948.8,ms
TRUE,256,submitBlocks,64,4,16777216,4,10,1,16836.1,16945.1,ms
TRUE,256,submitBlocks,64,4,16777216,4,10,1,16841.9,16953.2,ms
TRUE,256,submitBlocks,64,4,16777216,4,10,1,16818.9,16925.6,ms
TRUE,256,submitBlocks,64,4,16777216,4,10,1,16837.3,16957.3,ms
TRUE,256,submitBlocks,64,4,16777216,8,10,1,8917.08,9019.75,ms
TRUE,256,submitBlocks,64,4,16777216,8,10,1,8871.86,8979.38,ms
TRUE,256,submitBlocks,64,4,16777216,8,10,1,8858.53,8956.75,ms
TRUE,256,submitBlocks,64,4,16777216,8,10,1,8922.06,9029.62,ms
TRUE,256,submitBlocks,64,4,16777216,8,10,1,8911.26,9007.2,ms
TRUE,256,submitBlocks,64,4,16777216,8,10,1,8887.96,8990.74,ms
TRUE,256,submitBlocks,64,4,16777216,8,10,1,8875.57,8968.5,ms
TRUE,256,submitBlocks,64,4,16777216,8,10,1,8860.92,8954.84,ms
TRUE,256,submitBlocks,64,4,16777216,8,10,1,8885.4,8977.97,ms
TRUE,256,submitBlocks,64,4,16777216,8,10,1,8885.54,8978.27,ms
TRUE,256,submitBlocks,64,4,16777216,16,10,1,4848.79,4934.5,ms
TRUE,256,submitBlocks,64,4,16777216,16,10,1,4841.77,4926.6,ms
TRUE,256,submitBlocks,64,4,16777216,16,10,1,4841.75,4928.44,ms
TRUE,256,submitBlocks,64,4,16777216,16,10,1,4831.16,4918.26,ms
TRUE,256,submitBlocks,64,4,16777216,16,10,1,4839.43,4925.68,ms
TRUE,256,submitBlocks,64,4,16777216,16,10,1,4831.14,4928.67,ms
TRUE,256,submitBlocks,64,4,16777216,16,10,1,4836.67,4921.53,ms
TRUE,256,submitBlocks,64,4,16777216,16,10,1,4838.7,4936.58,ms
TRUE,256,submitBlocks,64,4,16777216,16,10,1,4832.95,4917.01,ms
TRUE,256,submitBlocks,64,4,16777216,16,10,1,4832.76,4925.28,ms
TRUE,256,submitBlocks,64,4,16777216,32,10,1,2867.71,2951.56,ms
TRUE,256,submitBlocks,64,4,16777216,32,10,1,2872.43,2960.46,ms
TRUE,256,submitBlocks,64,4,16777216,32,10,1,2867.51,2962.91,ms
TRUE,256,submitBlocks,64,4,16777216,32,10,1,2894.62,2991.54,ms
TRUE,256,submitBlocks,64,4,16777216,32,10,1,2865.18,2945.83,ms
TRUE,256,submitBlocks,64,4,16777216,32,10,1,2863.26,2944.62,ms
TRUE,256,submitBlocks,64,4,16777216,32,10,1,2878.2,2966.77,ms
TRUE,256,submitBlocks,64,4,16777216,32,10,1,2866.69,2945.01,ms
TRUE,256,submitBlocks,64,4,16777216,32,10,1,2885.06,2978.62,ms
TRUE,256,submitBlocks,64,4,16777216,32,10,1,2861.08,2941.77,ms
TRUE,256,submitBlocks,64,4,16777216,64,10,1,2032.83,2125.61,ms
TRUE,256,submitBlocks,64,4,16777216,64,10,1,2045.53,2123.7,ms
TRUE,256,submitBlocks,64,4,16777216,64,10,1,2050.41,2136.3,ms
TRUE,256,submitBlocks,64,4,16777216,64,10,1,2021.89,2099.84,ms
TRUE,256,submitBlocks,64,4,16777216,64,10,1,2057.44,2147.3,ms
TRUE,256,submitBlocks,64,4,16777216,64,10,1,2028.47,2117.66,ms
TRUE,256,submitBlocks,64,4,16777216,64,10,1,2062.48,2141.17,ms
TRUE,256,submitBlocks,64,4,16777216,64,10,1,2057.34,2135.51,ms
TRUE,256,submitBlocks,64,4,16777216,64,10,1,2057.22,2136.22,ms
TRUE,256,submitBlocks,64,4,16777216,64,10,1,2011.01,2091.68,ms
TRUE,256,submitBlocks,64,4,16777216,128,10,1,1714.42,1791.79,ms
TRUE,256,submitBlocks,64,4,16777216,128,10,1,1756.53,1831.87,ms
TRUE,256,submitBlocks,64,4,16777216,128,10,1,1766.08,1841.82,ms
TRUE,256,submitBlocks,64,4,16777216,128,10,1,1719.51,1808.28,ms
TRUE,256,submitBlocks,64,4,16777216,128,10,1,1611.03,1687.24,ms
TRUE,256,submitBlocks,64,4,16777216,128,10,1,1604.65,1693.94,ms
TRUE,256,submitBlocks,64,4,16777216,128,10,1,1656.42,1730.8,ms
TRUE,256,submitBlocks,64,4,16777216,128,10,1,1642.26,1718.81,ms
TRUE,256,submitBlocks,64,4,16777216,128,10,1,1691.02,1782.31,ms
TRUE,256,submitBlocks,64,4,16777216,128,10,1,1678.55,1765.01,ms
TRUE,256,submitBlocks,64,4,16777216,256,10,1,1594.89,1663.32,ms
TRUE,256,submitBlocks,64,4,16777216,256,10,1,1584.23,1675.98,ms
TRUE,256,submitBlocks,64,4,16777216,256,10,1,1517.44,1602.49,ms
TRUE,256,submitBlocks,64,4,16777216,256,10,1,1525.63,1600.64,ms
TRUE,256,submitBlocks,64,4,16777216,256,10,1,1497.67,1578.43,ms
TRUE,256,submitBlocks,64,4,16777216,256,10,1,1440.53,1517.42,ms
TRUE,256,submitBlocks,64,4,16777216,256,10,1,1530.23,1621.32,ms
TRUE,256,submitBlocks,64,4,16777216,256,10,1,1525.11,1605.77,ms
TRUE,256,submitBlocks,64,4,16777216,256,10,1,1571.74,1668.53,ms
TRUE,256,submitBlocks,64,4,16777216,256,10,1,1569.32,1650.76,ms
TRUE,256,submitBlocks,64,4,16777216,512,10,1,1423.24,1495.69,ms
TRUE,256,submitBlocks,64,4,16777216,512,10,1,1567.54,1653.92,ms
TRUE,256,submitBlocks,64,4,16777216,512,10,1,1455.34,1541,ms
TRUE,256,submitBlocks,64,4,16777216,512,10,1,1485.93,1572.79,ms
TRUE,256,submitBlocks,64,4,16777216,512,10,1,1528.85,1610.01,ms
TRUE,256,submitBlocks,64,4,16777216,512,10,1,1426.23,1515.61,ms
TRUE,256,submitBlocks,64,4,16777216,512,10,1,1415.99,1489.28,ms
TRUE,256,submitBlocks,64,4,16777216,512,10,1,1486.23,1569.24,ms
TRUE,256,submitBlocks,64,4,16777216,512,10,1,1516.96,1602.2,ms
TRUE,256,submitBlocks,64,4,16777216,512,10,1,1552,1637.64,ms
TRUE,256,submitBlocks,64,4,16777216,1024,10,1,1176.53,1252.98,ms
TRUE,256,submitBlocks,64,4,16777216,1024,10,1,1330.14,1592.68,ms
TRUE,256,submitBlocks,64,4,16777216,1024,10,1,1248,1323.31,ms
TRUE,256,submitBlocks,64,4,16777216,1024,10,1,1263.35,1428.79,ms
TRUE,256,submitBlocks,64,4,16777216,1024,10,1,1561.93,1884.63,ms
TRUE,256,submitBlocks,64,4,16777216,1024,10,1,1390.05,1477.24,ms
TRUE,256,submitBlocks,64,4,16777216,1024,10,1,1299.7,1382.34,ms
TRUE,256,submitBlocks,64,4,16777216,1024,10,1,1318.48,1495.9,ms
TRUE,256,submitBlocks,64,4,16777216,1024,10,1,1234.99,1521.29,ms
TRUE,256,submitBlocks,64,4,16777216,1024,10,1,1338.56,1482.88,ms
TRUE,256,submitBlocks,64,4,16777216,2048,10,1,1279.59,1361.37,ms
TRUE,256,submitBlocks,64,4,16777216,2048,10,1,1326.72,1628.55,ms
TRUE,256,submitBlocks,64,4,16777216,2048,10,1,1303.98,1390.98,ms
TRUE,256,submitBlocks,64,4,16777216,2048,10,1,1304.82,1532.47,ms
TRUE,256,submitBlocks,64,4,16777216,2048,10,1,2309.05,2484.73,ms
TRUE,256,submitBlocks,64,4,16777216,2048,10,1,1303.3,1446.58,ms
TRUE,256,submitBlocks,64,4,16777216,2048,10,1,1185.84,1261.79,ms
TRUE,256,submitBlocks,64,4,16777216,2048,10,1,1328.25,1630.51,ms
TRUE,256,submitBlocks,64,4,16777216,2048,10,1,1427.39,1513.81,ms
TRUE,256,submitBlocks,64,4,16777216,2048,10,1,1298.05,1509.73,ms
TRUE,256,submitBlocks,64,4,16777216,4096,10,1,1287.29,1370.49,ms
TRUE,256,submitBlocks,64,4,16777216,4096,10,1,1221.28,1387.33,ms
TRUE,256,submitBlocks,64,4,16777216,4096,10,1,1325.69,1416.07,ms
TRUE,256,submitBlocks,64,4,16777216,4096,10,1,1227.29,1484.28,ms
TRUE,256,submitBlocks,64,4,16777216,4096,10,1,1293.95,1379.53,ms
TRUE,256,submitBlocks,64,4,16777216,4096,10,1,1297.72,1640.31,ms
TRUE,256,submitBlocks,64,4,16777216,4096,10,1,1262.75,1355.04,ms
TRUE,256,submitBlocks,64,4,16777216,4096,10,1,1297.25,1534.88,ms
TRUE,256,submitBlocks,64,4,16777216,4096,10,1,1258.49,1332.52,ms
TRUE,256,submitBlocks,64,4,16777216,4096,10,1,1259.9,1420.58,ms
TRUE,256,submitBlocks,64,4,16777216,8192,10,1,1341.69,1571.14,ms
TRUE,256,submitBlocks,64,4,16777216,8192,10,1,1343.1,1429.12,ms
TRUE,256,submitBlocks,64,4,16777216,8192,10,1,1292.6,1375.43,ms
TRUE,256,submitBlocks,64,4,16777216,8192,10,1,1349.6,1440.21,ms
TRUE,256,submitBlocks,64,4,16777216,8192,10,1,1276.23,1359.86,ms
TRUE,256,submitBlocks,64,4,16777216,8192,10,1,1324.65,1407.5,ms
TRUE,256,submitBlocks,64,4,16777216,8192,10,1,1347.75,1670.92,ms
TRUE,256,submitBlocks,64,4,16777216,8192,10,1,1393.45,1489.85,ms
TRUE,256,submitBlocks,64,4,16777216,8192,10,1,1388.67,1473.54,ms
TRUE,256,submitBlocks,64,4,16777216,8192,10,1,1337.43,1423.84,ms
TRUE,256,submitBlocks,64,4,16777216,16384,10,1,1313.72,1404.54,ms
TRUE,256,submitBlocks,64,4,16777216,16384,10,1,1332.33,1425.49,ms
TRUE,256,submitBlocks,64,4,16777216,16384,10,1,1337.41,1415.03,ms
TRUE,256,submitBlocks,64,4,16777216,16384,10,1,1315.4,1407.98,ms
TRUE,256,submitBlocks,64,4,16777216,16384,10,1,1334.72,1423.44,ms
TRUE,256,submitBlocks,64,4,16777216,16384,10,1,1296.5,1389.1,ms
TRUE,256,submitBlocks,64,4,16777216,16384,10,1,1368.33,1464.83,ms
TRUE,256,submitBlocks,64,4,16777216,16384,10,1,1315.24,1404.26,ms
TRUE,256,submitBlocks,64,4,16777216,16384,10,1,1388.3,1481.39,ms
TRUE,256,submitBlocks,64,4,16777216,16384,10,1,1380.09,1475.49,ms
TRUE,256,submitBlocks,64,4,16777216,32768,10,1,1491.68,1580.69,ms
TRUE,256,submitBlocks,64,4,16777216,32768,10,1,1479.68,1572.51,ms
TRUE,256,submitBlocks,64,4,16777216,32768,10,1,1505.03,1595.93,ms
TRUE,256,submitBlocks,64,4,16777216,32768,10,1,1484,1578.51,ms
TRUE,256,submitBlocks,64,4,16777216,32768,10,1,1502.13,1594.55,ms
TRUE,256,submitBlocks,64,4,16777216,32768,10,1,1495.84,1588.32,ms
TRUE,256,submitBlocks,64,4,16777216,32768,10,1,1496.16,1594.98,ms
TRUE,256,submitBlocks,64,4,16777216,32768,10,1,1500.84,1600.39,ms
TRUE,256,submitBlocks,64,4,16777216,32768,10,1,1488.7,1584.92,ms
TRUE,256,submitBlocks,64,4,16777216,32768,10,1,1495.56,1591.59,ms
TRUE,256,submitBlocks,64,4,16777216,65536,10,1,1756.63,1821.99,ms
TRUE,256,submitBlocks,64,4,16777216,65536,10,1,1725.31,1790.18,ms
TRUE,256,submitBlocks,64,4,16777216,65536,10,1,1744.22,1806.31,ms
TRUE,256,submitBlocks,64,4,16777216,65536,10,1,1747.97,1813.02,ms
TRUE,256,submitBlocks,64,4,16777216,65536,10,1,1734.6,1794.11,ms
TRUE,256,submitBlocks,64,4,16777216,65536,10,1,1750.35,1810.76,ms
TRUE,256,submitBlocks,64,4,16777216,65536,10,1,1734.2,1796.65,ms
TRUE,256,submitBlocks,64,4,16777216,65536,10,1,1743.56,1808.59,ms
TRUE,256,submitBlocks,64,4,16777216,65536,10,1,1752.84,1818.25,ms
TRUE,256,submitBlocks,64,4,16777216,65536,10,1,1750.93,1811.77,ms
TRUE,256,submitBlocks,64,4,16777216,131072,10,1,2174.33,2232.34,ms
TRUE,256,submitBlocks,64,4,16777216,131072,10,1,2183.96,2232.98,ms
TRUE,256,submitBlocks,64,4,16777216,131072,10,1,2152.56,2199.33,ms
TRUE,256,submitBlocks,64,4,16777216,131072,10,1,2161.76,2231.17,ms
TRUE,256,submitBlocks,64,4,16777216,131072,10,1,2173.13,2226.97,ms
TRUE,256,submitBlocks,64,4,16777216,131072,10,1,2164.8,2235.43,ms
TRUE,256,submitBlocks,64,4,16777216,131072,10,1,2168.92,2217.11,ms
TRUE,256,submitBlocks,64,4,16777216,131072,10,1,2157.6,2205.41,ms
TRUE,256,submitBlocks,64,4,16777216,131072,10,1,2169.61,2220.45,ms
TRUE,256,submitBlocks,64,4,16777216,131072,10,1,2170.11,2223.04,ms
TRUE,256,submitBlocks,64,4,16777216,262144,10,1,2821.59,2869.76,ms
TRUE,256,submitBlocks,64,4,16777216,262144,10,1,2820.8,2867.33,ms
TRUE,256,submitBlocks,64,4,16777216,262144,10,1,2820.81,2863.35,ms
TRUE,256,submitBlocks,64,4,16777216,262144,10,1,2816.01,2856.44,ms
TRUE,256,submitBlocks,64,4,16777216,262144,10,1,2852.81,2894.11,ms
TRUE,256,submitBlocks,64,4,16777216,262144,10,1,2838.8,2885.06,ms
TRUE,256,submitBlocks,64,4,16777216,262144,10,1,2851.95,2896.08,ms
TRUE,256,submitBlocks,64,4,16777216,262144,10,1,2833.35,2875.72,ms
TRUE,256,submitBlocks,64,4,16777216,262144,10,1,2823.34,2846.65,ms
TRUE,256,submitBlocks,64,4,16777216,262144,10,1,2846.92,2892.73,ms
TRUE,2,submitBlocks,64,4,16777216,1,10,1,1110.99,30626.8,ms
TRUE,2,submitBlocks,64,4,16777216,1,10,1,987.912,1038.77,ms
TRUE,2,submitBlocks,64,4,16777216,1,10,1,982.517,1032.09,ms
TRUE,2,submitBlocks,64,4,16777216,1,10,1,982.452,1033.81,ms
TRUE,2,submitBlocks,64,4,16777216,1,10,1,987.171,1042.08,ms
TRUE,2,submitBlocks,64,4,16777216,1,10,1,1024.75,1068.93,ms
TRUE,2,submitBlocks,64,4,16777216,1,10,1,983.254,1036.08,ms
TRUE,2,submitBlocks,64,4,16777216,1,10,1,981.55,1039.48,ms
TRUE,2,submitBlocks,64,4,16777216,1,10,1,995.241,1057.2,ms
TRUE,2,submitBlocks,64,4,16777216,1,10,1,982.056,1018.91,ms
TRUE,2,submitBlocks,64,4,16777216,2,10,1,747.32,808.574,ms
TRUE,2,submitBlocks,64,4,16777216,2,10,1,747.11,791.279,ms
TRUE,2,submitBlocks,64,4,16777216,2,10,1,747.625,788.005,ms
TRUE,2,submitBlocks,64,4,16777216,2,10,1,746.38,799.923,ms
TRUE,2,submitBlocks,64,4,16777216,2,10,1,747.31,798.821,ms
TRUE,2,submitBlocks,64,4,16777216,2,10,1,746.913,791.893,ms
TRUE,2,submitBlocks,64,4,16777216,2,10,1,745.8,789.903,ms
TRUE,2,submitBlocks,64,4,16777216,2,10,1,749.121,798.866,ms
TRUE,2,submitBlocks,64,4,16777216,2,10,1,745.71,802.444,ms
TRUE,2,submitBlocks,64,4,16777216,2,10,1,746.753,786.35,ms
TRUE,2,submitBlocks,64,4,16777216,4,10,1,644.27,707.848,ms
TRUE,2,submitBlocks,64,4,16777216,4,10,1,643.409,683.886,ms
TRUE,2,submitBlocks,64,4,16777216,4,10,1,646.765,696.295,ms
TRUE,2,submitBlocks,64,4,16777216,4,10,1,643.874,692.015,ms
TRUE,2,submitBlocks,64,4,16777216,4,10,1,643.24,690.049,ms
TRUE,2,submitBlocks,64,4,16777216,4,10,1,646.697,692.913,ms
TRUE,2,submitBlocks,64,4,16777216,4,10,1,643.697,687.749,ms
TRUE,2,submitBlocks,64,4,16777216,4,10,1,648.618,693.213,ms
TRUE,2,submitBlocks,64,4,16777216,4,10,1,642.162,687.828,ms
TRUE,2,submitBlocks,64,4,16777216,4,10,1,643.206,690.986,ms
TRUE,2,submitBlocks,64,4,16777216,8,10,1,577.348,623.981,ms
TRUE,2,submitBlocks,64,4,16777216,8,10,1,576.161,618.261,ms
TRUE,2,submitBlocks,64,4,16777216,8,10,1,577.418,622.558,ms
TRUE,2,submitBlocks,64,4,16777216,8,10,1,580.52,635.085,ms
TRUE,2,submitBlocks,64,4,16777216,8,10,1,576.391,619.469,ms
TRUE,2,submitBlocks,64,4,16777216,8,10,1,581.24,631.628,ms
TRUE,2,submitBlocks,64,4,16777216,8,10,1,575.894,620.505,ms
TRUE,2,submitBlocks,64,4,16777216,8,10,1,580.741,620.818,ms
TRUE,2,submitBlocks,64,4,16777216,8,10,1,579.821,636.551,ms
TRUE,2,submitBlocks,64,4,16777216,8,10,1,582.176,631.449,ms
TRUE,2,submitBlocks,64,4,16777216,16,10,1,551.653,592.3,ms
TRUE,2,submitBlocks,64,4,16777216,16,10,1,548.259,595.624,ms
TRUE,2,submitBlocks,64,4,16777216,16,10,1,551.314,609.126,ms
TRUE,2,submitBlocks,64,4,16777216,16,10,1,555.925,600.01,ms
TRUE,2,submitBlocks,64,4,16777216,16,10,1,551.559,597.472,ms
TRUE,2,submitBlocks,64,4,16777216,16,10,1,548.583,593.24,ms
TRUE,2,submitBlocks,64,4,16777216,16,10,1,548.902,599.925,ms
TRUE,2,submitBlocks,64,4,16777216,16,10,1,554.48,604.193,ms
TRUE,2,submitBlocks,64,4,16777216,16,10,1,547.837,600.242,ms
TRUE,2,submitBlocks,64,4,16777216,16,10,1,549.186,598.249,ms
TRUE,2,submitBlocks,64,4,16777216,32,10,1,530.744,604.873,ms
TRUE,2,submitBlocks,64,4,16777216,32,10,1,529.398,585.486,ms
TRUE,2,submitBlocks,64,4,16777216,32,10,1,527.919,589.623,ms
TRUE,2,submitBlocks,64,4,16777216,32,10,1,532.202,578.285,ms
TRUE,2,submitBlocks,64,4,16777216,32,10,1,528.721,589.655,ms
TRUE,2,submitBlocks,64,4,16777216,32,10,1,529.802,570.108,ms
TRUE,2,submitBlocks,64,4,16777216,32,10,1,529.771,575.228,ms
TRUE,2,submitBlocks,64,4,16777216,32,10,1,528.908,581.26,ms
TRUE,2,submitBlocks,64,4,16777216,32,10,1,529.188,575.242,ms
TRUE,2,submitBlocks,64,4,16777216,32,10,1,526.836,561.73,ms
TRUE,2,submitBlocks,64,4,16777216,64,10,1,519.819,573.445,ms
TRUE,2,submitBlocks,64,4,16777216,64,10,1,519.759,568.342,ms
TRUE,2,submitBlocks,64,4,16777216,64,10,1,519.553,568.202,ms
TRUE,2,submitBlocks,64,4,16777216,64,10,1,517.51,569.317,ms
TRUE,2,submitBlocks,64,4,16777216,64,10,1,517.891,563.313,ms
TRUE,2,submitBlocks,64,4,16777216,64,10,1,519.867,560.225,ms
TRUE,2,submitBlocks,64,4,16777216,64,10,1,517.479,563.196,ms
TRUE,2,submitBlocks,64,4,16777216,64,10,1,519.941,566.219,ms
TRUE,2,submitBlocks,64,4,16777216,64,10,1,518.273,564.787,ms
TRUE,2,submitBlocks,64,4,16777216,64,10,1,518.785,569.749,ms
TRUE,2,submitBlocks,64,4,16777216,128,10,1,509.289,552.74,ms
TRUE,2,submitBlocks,64,4,16777216,128,10,1,507.894,555.035,ms
TRUE,2,submitBlocks,64,4,16777216,128,10,1,515.672,567.783,ms
TRUE,2,submitBlocks,64,4,16777216,128,10,1,507.955,565.308,ms
TRUE,2,submitBlocks,64,4,16777216,128,10,1,546.699,631.563,ms
TRUE,2,submitBlocks,64,4,16777216,128,10,1,509.581,571.861,ms
TRUE,2,submitBlocks,64,4,16777216,128,10,1,511.475,562.309,ms
TRUE,2,submitBlocks,64,4,16777216,128,10,1,512.455,560.769,ms
TRUE,2,submitBlocks,64,4,16777216,128,10,1,511.11,558.919,ms
TRUE,2,submitBlocks,64,4,16777216,128,10,1,510.623,564.876,ms
TRUE,2,submitBlocks,64,4,16777216,256,10,1,499.521,537.47,ms
TRUE,2,submitBlocks,64,4,16777216,256,10,1,486.186,546.34,ms
TRUE,2,submitBlocks,64,4,16777216,256,10,1,489.077,581.477,ms
TRUE,2,submitBlocks,64,4,16777216,256,10,1,486.567,552.436,ms
TRUE,2,submitBlocks,64,4,16777216,256,10,1,487.563,555.886,ms
TRUE,2,submitBlocks,64,4,16777216,256,10,1,487.975,555.555,ms
TRUE,2,submitBlocks,64,4,16777216,256,10,1,485.188,555.73,ms
TRUE,2,submitBlocks,64,4,16777216,256,10,1,486.123,553.982,ms
TRUE,2,submitBlocks,64,4,16777216,256,10,1,486.896,557.673,ms
TRUE,2,submitBlocks,64,4,16777216,256,10,1,487.928,580.229,ms
TRUE,2,submitBlocks,64,4,16777216,512,10,1,473.492,547.76,ms
TRUE,2,submitBlocks,64,4,16777216,512,10,1,471.889,553.699,ms
TRUE,2,submitBlocks,64,4,16777216,512,10,1,472.163,554.289,ms
TRUE,2,submitBlocks,64,4,16777216,512,10,1,472.503,556.495,ms
TRUE,2,submitBlocks,64,4,16777216,512,10,1,473.897,552.953,ms
TRUE,2,submitBlocks,64,4,16777216,512,10,1,472.455,551.731,ms
TRUE,2,submitBlocks,64,4,16777216,512,10,1,471.832,548.214,ms
TRUE,2,submitBlocks,64,4,16777216,512,10,1,473.252,550.442,ms
TRUE,2,submitBlocks,64,4,16777216,512,10,1,479.498,573.591,ms
TRUE,2,submitBlocks,64,4,16777216,512,10,1,471.777,549.564,ms
TRUE,2,submitBlocks,64,4,16777216,1024,10,1,469.354,544.493,ms
TRUE,2,submitBlocks,64,4,16777216,1024,10,1,471.667,547.176,ms
TRUE,2,submitBlocks,64,4,16777216,1024,10,1,470.614,543.038,ms
TRUE,2,submitBlocks,64,4,16777216,1024,10,1,471.375,545.532,ms
TRUE,2,submitBlocks,64,4,16777216,1024,10,1,471.492,544.506,ms
TRUE,2,submitBlocks,64,4,16777216,1024,10,1,470.627,544.614,ms
TRUE,2,submitBlocks,64,4,16777216,1024,10,1,471.835,546.074,ms
TRUE,2,submitBlocks,64,4,16777216,1024,10,1,471.483,542.451,ms
TRUE,2,submitBlocks,64,4,16777216,1024,10,1,471.551,542.041,ms
TRUE,2,submitBlocks,64,4,16777216,1024,10,1,470.249,545.789,ms
TRUE,2,submitBlocks,64,4,16777216,2048,10,1,464.958,535.324,ms
TRUE,2,submitBlocks,64,4,16777216,2048,10,1,463.708,533.872,ms
TRUE,2,submitBlocks,64,4,16777216,2048,10,1,464.277,541.966,ms
TRUE,2,submitBlocks,64,4,16777216,2048,10,1,464.134,537.8,ms
TRUE,2,submitBlocks,64,4,16777216,2048,10,1,463.836,539.391,ms
TRUE,2,submitBlocks,64,4,16777216,2048,10,1,463.353,534.398,ms
TRUE,2,submitBlocks,64,4,16777216,2048,10,1,463.447,536.614,ms
TRUE,2,submitBlocks,64,4,16777216,2048,10,1,465.128,576.231,ms
TRUE,2,submitBlocks,64,4,16777216,2048,10,1,463.02,535.503,ms
TRUE,2,submitBlocks,64,4,16777216,2048,10,1,464.435,537.739,ms
TRUE,2,submitBlocks,64,4,16777216,4096,10,1,456.607,525.348,ms
TRUE,2,submitBlocks,64,4,16777216,4096,10,1,456.897,535.478,ms
TRUE,2,submitBlocks,64,4,16777216,4096,10,1,456.684,531.654,ms
TRUE,2,submitBlocks,64,4,16777216,4096,10,1,457.452,532.979,ms
TRUE,2,submitBlocks,64,4,16777216,4096,10,1,457.097,533.639,ms
TRUE,2,submitBlocks,64,4,16777216,4096,10,1,457.378,534.731,ms
TRUE,2,submitBlocks,64,4,16777216,4096,10,1,457.029,533.079,ms
TRUE,2,submitBlocks,64,4,16777216,4096,10,1,460.587,543.962,ms
TRUE,2,submitBlocks,64,4,16777216,4096,10,1,457.332,535.589,ms
TRUE,2,submitBlocks,64,4,16777216,4096,10,1,456.632,532.768,ms
TRUE,2,submitBlocks,64,4,16777216,8192,10,1,454.203,528.662,ms
TRUE,2,submitBlocks,64,4,16777216,8192,10,1,455.665,518.952,ms
TRUE,2,submitBlocks,64,4,16777216,8192,10,1,455.6,517.363,ms
TRUE,2,submitBlocks,64,4,16777216,8192,10,1,455.232,516.822,ms
TRUE,2,submitBlocks,64,4,16777216,8192,10,1,455.582,517.713,ms
TRUE,2,submitBlocks,64,4,16777216,8192,10,1,455.652,521.71,ms
TRUE,2,submitBlocks,64,4,16777216,8192,10,1,455.281,519.274,ms
TRUE,2,submitBlocks,64,4,16777216,8192,10,1,455.815,520.206,ms
TRUE,2,submitBlocks,64,4,16777216,8192,10,1,455.567,523.183,ms
TRUE,2,submitBlocks,64,4,16777216,8192,10,1,456.498,522.097,ms
TRUE,2,submitBlocks,64,4,16777216,16384,10,1,458.484,510.117,ms
TRUE,2,submitBlocks,64,4,16777216,16384,10,1,457.993,513.688,ms
TRUE,2,submitBlocks,64,4,16777216,16384,10,1,457.93,515.534,ms
TRUE,2,submitBlocks,64,4,16777216,16384,10,1,457.237,516.622,ms
TRUE,2,submitBlocks,64,4,16777216,16384,10,1,456.933,521.691,ms
TRUE,2,submitBlocks,64,4,16777216,16384,10,1,456.241,512.413,ms
TRUE,2,submitBlocks,64,4,16777216,16384,10,1,456.441,513.392,ms
TRUE,2,submitBlocks,64,4,16777216,16384,10,1,455.811,512.551,ms
TRUE,2,submitBlocks,64,4,16777216,16384,10,1,456.494,513.391,ms
TRUE,2,submitBlocks,64,4,16777216,16384,10,1,458.963,515.022,ms
TRUE,2,submitBlocks,64,4,16777216,32768,10,1,458.463,478.997,ms
TRUE,2,submitBlocks,64,4,16777216,32768,10,1,459.032,503.36,ms
TRUE,2,submitBlocks,64,4,16777216,32768,10,1,461.007,503.865,ms
TRUE,2,submitBlocks,64,4,16777216,32768,10,1,460.633,538.88,ms
TRUE,2,submitBlocks,64,4,16777216,32768,10,1,463.817,507.237,ms
TRUE,2,submitBlocks,64,4,16777216,32768,10,1,461.648,505.381,ms
TRUE,2,submitBlocks,64,4,16777216,32768,10,1,471.293,513.742,ms
TRUE,2,submitBlocks,64,4,16777216,32768,10,1,498.025,574.517,ms
TRUE,2,submitBlocks,64,4,16777216,32768,10,1,461.025,503.449,ms
TRUE,2,submitBlocks,64,4,16777216,32768,10,1,461.95,504.509,ms
TRUE,2,submitBlocks,64,4,16777216,65536,10,1,463.159,504.577,ms
TRUE,2,submitBlocks,64,4,16777216,65536,10,1,459.969,491.74,ms
TRUE,2,submitBlocks,64,4,16777216,65536,10,1,463.963,495.229,ms
TRUE,2,submitBlocks,64,4,16777216,65536,10,1,462.357,493.099,ms
TRUE,2,submitBlocks,64,4,16777216,65536,10,1,463.851,496.441,ms
TRUE,2,submitBlocks,64,4,16777216,65536,10,1,461.998,492.407,ms
TRUE,2,submitBlocks,64,4,16777216,65536,10,1,464.057,494.317,ms
TRUE,2,submitBlocks,64,4,16777216,65536,10,1,466.585,497.999,ms
TRUE,2,submitBlocks,64,4,16777216,65536,10,1,465.709,497.147,ms
TRUE,2,submitBlocks,64,4,16777216,65536,10,1,466.422,497.924,ms
TRUE,2,submitBlocks,64,4,16777216,131072,10,1,465.751,496.63,ms
TRUE,2,submitBlocks,64,4,16777216,131072,10,1,493.593,520.377,ms
TRUE,2,submitBlocks,64,4,16777216,131072,10,1,495.891,523.49,ms
TRUE,2,submitBlocks,64,4,16777216,131072,10,1,475.552,503.174,ms
TRUE,2,submitBlocks,64,4,16777216,131072,10,1,468.966,496.791,ms
TRUE,2,submitBlocks,64,4,16777216,131072,10,1,468.653,495.95,ms
TRUE,2,submitBlocks,64,4,16777216,131072,10,1,466.257,493.931,ms
TRUE,2,submitBlocks,64,4,16777216,131072,10,1,467.548,495.155,ms
TRUE,2,submitBlocks,64,4,16777216,131072,10,1,483.93,511.841,ms
TRUE,2,submitBlocks,64,4,16777216,131072,10,1,469.492,524.315,ms
TRUE,2,submitBlocks,64,4,16777216,262144,10,1,495.812,520.212,ms
TRUE,2,submitBlocks,64,4,16777216,262144,10,1,496.196,521.07,ms
TRUE,2,submitBlocks,64,4,16777216,262144,10,1,494.963,520.045,ms
TRUE,2,submitBlocks,64,4,16777216,262144,10,1,497.728,522.936,ms
TRUE,2,submitBlocks,64,4,16777216,262144,10,1,495.807,520.466,ms
TRUE,2,submitBlocks,64,4,16777216,262144,10,1,496.085,520.876,ms
TRUE,2,submitBlocks,64,4,16777216,262144,10,1,499.296,524.492,ms
TRUE,2,submitBlocks,64,4,16777216,262144,10,1,498.001,523.391,ms
TRUE,2,submitBlocks,64,4,16777216,262144,10,1,496.118,521.314,ms
TRUE,2,submitBlocks,64,4,16777216,262144,10,1,498.96,524.128,ms
TRUE,32,submitBlocks,64,4,16777216,1,10,1,3700.48,53716.4,ms
TRUE,32,submitBlocks,64,4,16777216,1,10,1,3766.73,3833.36,ms
TRUE,32,submitBlocks,64,4,16777216,1,10,1,3735.41,3800.57,ms
TRUE,32,submitBlocks,64,4,16777216,1,10,1,3729.54,3802.27,ms
TRUE,32,submitBlocks,64,4,16777216,1,10,1,3691.59,3754.27,ms
TRUE,32,submitBlocks,64,4,16777216,1,10,1,3680.2,3737.56,ms
TRUE,32,submitBlocks,64,4,16777216,1,10,1,3652.23,3710.97,ms
TRUE,32,submitBlocks,64,4,16777216,1,10,1,3673.62,3733.08,ms
TRUE,32,submitBlocks,64,4,16777216,1,10,1,3728.37,3789.84,ms
TRUE,32,submitBlocks,64,4,16777216,1,10,1,3647.25,3706.85,ms
TRUE,32,submitBlocks,64,4,16777216,2,10,1,2180.77,2241.53,ms
TRUE,32,submitBlocks,64,4,16777216,2,10,1,2174,2229.9,ms
TRUE,32,submitBlocks,64,4,16777216,2,10,1,2194.01,2250.6,ms
TRUE,32,submitBlocks,64,4,16777216,2,10,1,2192.03,2251.79,ms
TRUE,32,submitBlocks,64,4,16777216,2,10,1,2199,2260.77,ms
TRUE,32,submitBlocks,64,4,16777216,2,10,1,2174.72,2243.43,ms
TRUE,32,submitBlocks,64,4,16777216,2,10,1,2198.36,2256.91,ms
TRUE,32,submitBlocks,64,4,16777216,2,10,1,2172.55,2221.54,ms
TRUE,32,submitBlocks,64,4,16777216,2,10,1,2223.14,2284.96,ms
TRUE,32,submitBlocks,64,4,16777216,2,10,1,2174.42,2228.89,ms
TRUE,32,submitBlocks,64,4,16777216,4,10,1,1452.58,1499.87,ms
TRUE,32,submitBlocks,64,4,16777216,4,10,1,1459.47,1523.83,ms
TRUE,32,submitBlocks,64,4,16777216,4,10,1,1459.16,1537.14,ms
TRUE,32,submitBlocks,64,4,16777216,4,10,1,1453.39,1501.96,ms
TRUE,32,submitBlocks,64,4,16777216,4,10,1,1460.71,1530,ms
TRUE,32,submitBlocks,64,4,16777216,4,10,1,1453.5,1507.17,ms
TRUE,32,submitBlocks,64,4,16777216,4,10,1,1453.05,1509.16,ms
TRUE,32,submitBlocks,64,4,16777216,4,10,1,1452.49,1503.59,ms
TRUE,32,submitBlocks,64,4,16777216,4,10,1,1453.84,1507.43,ms
TRUE,32,submitBlocks,64,4,16777216,4,10,1,1449.79,1509.18,ms
TRUE,32,submitBlocks,64,4,16777216,8,10,1,1079.08,1133.49,ms
TRUE,32,submitBlocks,64,4,16777216,8,10,1,1062.67,1141.65,ms
TRUE,32,submitBlocks,64,4,16777216,8,10,1,1062.47,1139.41,ms
TRUE,32,submitBlocks,64,4,16777216,8,10,1,1057.96,1135.51,ms
TRUE,32,submitBlocks,64,4,16777216,8,10,1,1056.79,1149.73,ms
TRUE,32,submitBlocks,64,4,16777216,8,10,1,1051.95,1135,ms
TRUE,32,submitBlocks,64,4,16777216,8,10,1,1054.13,1124.54,ms
TRUE,32,submitBlocks,64,4,16777216,8,10,1,1055.59,1138.54,ms
TRUE,32,submitBlocks,64,4,16777216,8,10,1,1057.52,1144.18,ms
TRUE,32,submitBlocks,64,4,16777216,8,10,1,1057.76,1134.58,ms
TRUE,32,submitBlocks,64,4,16777216,16,10,1,849.74,933.131,ms
TRUE,32,submitBlocks,64,4,16777216,16,10,1,852.11,936.262,ms
TRUE,32,submitBlocks,64,4,16777216,16,10,1,850.963,933.53,ms
TRUE,32,submitBlocks,64,4,16777216,16,10,1,868.466,972.466,ms
TRUE,32,submitBlocks,64,4,16777216,16,10,1,892.176,984.573,ms
TRUE,32,submitBlocks,64,4,16777216,16,10,1,852.009,935.393,ms
TRUE,32,submitBlocks,64,4,16777216,16,10,1,849.299,932.224,ms
TRUE,32,submitBlocks,64,4,16777216,16,10,1,852.804,935.183,ms
TRUE,32,submitBlocks,64,4,16777216,16,10,1,863.043,942.279,ms
TRUE,32,submitBlocks,64,4,16777216,16,10,1,860.438,945.567,ms
TRUE,32,submitBlocks,64,4,16777216,32,10,1,746.073,842.108,ms
TRUE,32,submitBlocks,64,4,16777216,32,10,1,802.882,885.322,ms
TRUE,32,submitBlocks,64,4,16777216,32,10,1,747.78,845.231,ms
TRUE,32,submitBlocks,64,4,16777216,32,10,1,741.323,823.408,ms
TRUE,32,submitBlocks,64,4,16777216,32,10,1,743.923,837.119,ms
TRUE,32,submitBlocks,64,4,16777216,32,10,1,742.219,825.656,ms
TRUE,32,submitBlocks,64,4,16777216,32,10,1,744.062,826.212,ms
TRUE,32,submitBlocks,64,4,16777216,32,10,1,743.629,838.594,ms
TRUE,32,submitBlocks,64,4,16777216,32,10,1,747.889,838.997,ms
TRUE,32,submitBlocks,64,4,16777216,32,10,1,744.569,826.338,ms
TRUE,32,submitBlocks,64,4,16777216,64,10,1,704.838,784.763,ms
TRUE,32,submitBlocks,64,4,16777216,64,10,1,703.776,797.578,ms
TRUE,32,submitBlocks,64,4,16777216,64,10,1,703.603,783.741,ms
TRUE,32,submitBlocks,64,4,16777216,64,10,1,711.002,788.328,ms
TRUE,32,submitBlocks,64,4,16777216,64,10,1,703.694,781.258,ms
TRUE,32,submitBlocks,64,4,16777216,64,10,1,781.183,875.722,ms
TRUE,32,submitBlocks,64,4,16777216,64,10,1,702.021,783.847,ms
TRUE,32,submitBlocks,64,4,16777216,64,10,1,702.77,782.685,ms
TRUE,32,submitBlocks,64,4,16777216,64,10,1,702.367,780.635,ms
TRUE,32,submitBlocks,64,4,16777216,64,10,1,702.966,779.328,ms
TRUE,32,submitBlocks,64,4,16777216,128,10,1,725.369,802.685,ms
TRUE,32,submitBlocks,64,4,16777216,128,10,1,701.456,779.725,ms
TRUE,32,submitBlocks,64,4,16777216,128,10,1,752.817,852.434,ms
TRUE,32,submitBlocks,64,4,16777216,128,10,1,696.985,774.13,ms
TRUE,32,submitBlocks,64,4,16777216,128,10,1,697.624,774.629,ms
TRUE,32,submitBlocks,64,4,16777216,128,10,1,699.862,790.439,ms
TRUE,32,submitBlocks,64,4,16777216,128,10,1,725.172,822.028,ms
TRUE,32,submitBlocks,64,4,16777216,128,10,1,700.483,781.908,ms
TRUE,32,submitBlocks,64,4,16777216,128,10,1,700.005,781.09,ms
TRUE,32,submitBlocks,64,4,16777216,128,10,1,699.532,777.47,ms
TRUE,32,submitBlocks,64,4,16777216,256,10,1,702.453,775.56,ms
TRUE,32,submitBlocks,64,4,16777216,256,10,1,710.591,806.056,ms
TRUE,32,submitBlocks,64,4,16777216,256,10,1,696.342,776.668,ms
TRUE,32,submitBlocks,64,4,16777216,256,10,1,701.839,776.191,ms
TRUE,32,submitBlocks,64,4,16777216,256,10,1,703.539,778.616,ms
TRUE,32,submitBlocks,64,4,16777216,256,10,1,713.36,784.766,ms
TRUE,32,submitBlocks,64,4,16777216,256,10,1,745.308,833.224,ms
TRUE,32,submitBlocks,64,4,16777216,256,10,1,704.086,785.782,ms
TRUE,32,submitBlocks,64,4,16777216,256,10,1,702.95,774.948,ms
TRUE,32,submitBlocks,64,4,16777216,256,10,1,741.362,833.927,ms
TRUE,32,submitBlocks,64,4,16777216,512,10,1,709.375,788.093,ms
TRUE,32,submitBlocks,64,4,16777216,512,10,1,709.574,784.893,ms
TRUE,32,submitBlocks,64,4,16777216,512,10,1,711.023,793.169,ms
TRUE,32,submitBlocks,64,4,16777216,512,10,1,710.373,784.718,ms
TRUE,32,submitBlocks,64,4,16777216,512,10,1,709.166,784.798,ms
TRUE,32,submitBlocks,64,4,16777216,512,10,1,694.094,771.499,ms
TRUE,32,submitBlocks,64,4,16777216,512,10,1,693.68,768.498,ms
TRUE,32,submitBlocks,64,4,16777216,512,10,1,695.132,767.143,ms
TRUE,32,submitBlocks,64,4,16777216,512,10,1,711.569,783.817,ms
TRUE,32,submitBlocks,64,4,16777216,512,10,1,707.873,796.377,ms
TRUE,32,submitBlocks,64,4,16777216,1024,10,1,641.277,711.954,ms
TRUE,32,submitBlocks,64,4,16777216,1024,10,1,641.751,714.555,ms
TRUE,32,submitBlocks,64,4,16777216,1024,10,1,644.092,726.511,ms
TRUE,32,submitBlocks,64,4,16777216,1024,10,1,642.221,714.37,ms
TRUE,32,submitBlocks,64,4,16777216,1024,10,1,642.637,717.538,ms
TRUE,32,submitBlocks,64,4,16777216,1024,10,1,641.546,730.05,ms
TRUE,32,submitBlocks,64,4,16777216,1024,10,1,641.183,716.348,ms
TRUE,32,submitBlocks,64,4,16777216,1024,10,1,646.942,720.36,ms
TRUE,32,submitBlocks,64,4,16777216,1024,10,1,642.851,717.506,ms
TRUE,32,submitBlocks,64,4,16777216,1024,10,1,695.601,767.277,ms
TRUE,32,submitBlocks,64,4,16777216,2048,10,1,680.378,767.368,ms
TRUE,32,submitBlocks,64,4,16777216,2048,10,1,645.032,715.577,ms
TRUE,32,submitBlocks,64,4,16777216,2048,10,1,625.502,706.781,ms
TRUE,32,submitBlocks,64,4,16777216,2048,10,1,643.818,713.682,ms
TRUE,32,submitBlocks,64,4,16777216,2048,10,1,646.244,720.287,ms
TRUE,32,submitBlocks,64,4,16777216,2048,10,1,641.853,713.852,ms
TRUE,32,submitBlocks,64,4,16777216,2048,10,1,625.782,701.393,ms
TRUE,32,submitBlocks,64,4,16777216,2048,10,1,643.665,713.493,ms
TRUE,32,submitBlocks,64,4,16777216,2048,10,1,645.453,717.873,ms
TRUE,32,submitBlocks,64,4,16777216,2048,10,1,644.866,718.09,ms
TRUE,32,submitBlocks,64,4,16777216,4096,10,1,643.516,719.705,ms
TRUE,32,submitBlocks,64,4,16777216,4096,10,1,663.102,734.116,ms
TRUE,32,submitBlocks,64,4,16777216,4096,10,1,665.448,750.974,ms
TRUE,32,submitBlocks,64,4,16777216,4096,10,1,665.72,749.172,ms
TRUE,32,submitBlocks,64,4,16777216,4096,10,1,665.452,741.4,ms
TRUE,32,submitBlocks,64,4,16777216,4096,10,1,663.447,749.2,ms
TRUE,32,submitBlocks,64,4,16777216,4096,10,1,666.284,739.807,ms
TRUE,32,submitBlocks,64,4,16777216,4096,10,1,657.193,729.543,ms
TRUE,32,submitBlocks,64,4,16777216,4096,10,1,663.656,750.623,ms
TRUE,32,submitBlocks,64,4,16777216,4096,10,1,662.875,730.152,ms
TRUE,32,submitBlocks,64,4,16777216,8192,10,1,744.788,828.844,ms
TRUE,32,submitBlocks,64,4,16777216,8192,10,1,683.911,753.906,ms
TRUE,32,submitBlocks,64,4,16777216,8192,10,1,687.249,757.723,ms
TRUE,32,submitBlocks,64,4,16777216,8192,10,1,674.005,747.138,ms
TRUE,32,submitBlocks,64,4,16777216,8192,10,1,687.503,758.598,ms
TRUE,32,submitBlocks,64,4,16777216,8192,10,1,687.541,761.012,ms
TRUE,32,submitBlocks,64,4,16777216,8192,10,1,692.317,761.733,ms
TRUE,32,submitBlocks,64,4,16777216,8192,10,1,711.92,796.911,ms
TRUE,32,submitBlocks,64,4,16777216,8192,10,1,698.776,771.052,ms
TRUE,32,submitBlocks,64,4,16777216,8192,10,1,689.504,764.44,ms
TRUE,32,submitBlocks,64,4,16777216,16384,10,1,742.318,805.841,ms
TRUE,32,submitBlocks,64,4,16777216,16384,10,1,731.653,809.777,ms
TRUE,32,submitBlocks,64,4,16777216,16384,10,1,779.855,862.177,ms
TRUE,32,submitBlocks,64,4,16777216,16384,10,1,751.477,852.284,ms
TRUE,32,submitBlocks,64,4,16777216,16384,10,1,794.349,891.451,ms
TRUE,32,submitBlocks,64,4,16777216,16384,10,1,721.819,820.557,ms
TRUE,32,submitBlocks,64,4,16777216,16384,10,1,739.956,812.826,ms
TRUE,32,submitBlocks,64,4,16777216,16384,10,1,763.774,858.147,ms
TRUE,32,submitBlocks,64,4,16777216,16384,10,1,736.12,814.223,ms
TRUE,32,submitBlocks,64,4,16777216,16384,10,1,737.102,823.191,ms
TRUE,32,submitBlocks,64,4,16777216,32768,10,1,806.843,846.993,ms
TRUE,32,submitBlocks,64,4,16777216,32768,10,1,834.636,930.472,ms
TRUE,32,submitBlocks,64,4,16777216,32768,10,1,846.418,935.437,ms
TRUE,32,submitBlocks,64,4,16777216,32768,10,1,806.151,896.151,ms
TRUE,32,submitBlocks,64,4,16777216,32768,10,1,823.159,908.824,ms
TRUE,32,submitBlocks,64,4,16777216,32768,10,1,833.968,908.476,ms
TRUE,32,submitBlocks,64,4,16777216,32768,10,1,819.682,907.846,ms
TRUE,32,submitBlocks,64,4,16777216,32768,10,1,838.388,929.21,ms
TRUE,32,submitBlocks,64,4,16777216,32768,10,1,815.492,900.814,ms
TRUE,32,submitBlocks,64,4,16777216,32768,10,1,814.38,888.084,ms
TRUE,32,submitBlocks,64,4,16777216,65536,10,1,889.7,981.7,ms
TRUE,32,submitBlocks,64,4,16777216,65536,10,1,871.2,903.741,ms
TRUE,32,submitBlocks,64,4,16777216,65536,10,1,910.481,955.978,ms
TRUE,32,submitBlocks,64,4,16777216,65536,10,1,875.365,907.587,ms
TRUE,32,submitBlocks,64,4,16777216,65536,10,1,886.108,930.842,ms
TRUE,32,submitBlocks,64,4,16777216,65536,10,1,914.139,957.437,ms
TRUE,32,submitBlocks,64,4,16777216,65536,10,1,913.871,960.223,ms
TRUE,32,submitBlocks,64,4,16777216,65536,10,1,903.317,953.728,ms
TRUE,32,submitBlocks,64,4,16777216,65536,10,1,909.789,941.835,ms
TRUE,32,submitBlocks,64,4,16777216,65536,10,1,913.051,962.618,ms
TRUE,32,submitBlocks,64,4,16777216,131072,10,1,1005.9,1028.86,ms
TRUE,32,submitBlocks,64,4,16777216,131072,10,1,1019.28,1064.4,ms
TRUE,32,submitBlocks,64,4,16777216,131072,10,1,1057.03,1096.63,ms
TRUE,32,submitBlocks,64,4,16777216,131072,10,1,1048.47,1091.44,ms
TRUE,32,submitBlocks,64,4,16777216,131072,10,1,1018.86,1042.78,ms
TRUE,32,submitBlocks,64,4,16777216,131072,10,1,1027.75,1065.32,ms
TRUE,32,submitBlocks,64,4,16777216,131072,10,1,1010.3,1034.3,ms
TRUE,32,submitBlocks,64,4,16777216,131072,10,1,1001.18,1026.39,ms
TRUE,32,submitBlocks,64,4,16777216,131072,10,1,1030.57,1075.74,ms
TRUE,32,submitBlocks,64,4,16777216,131072,10,1,1006.14,1042.02,ms
TRUE,32,submitBlocks,64,4,16777216,262144,10,1,1148.2,1184.14,ms
TRUE,32,submitBlocks,64,4,16777216,262144,10,1,1143.06,1161.99,ms
TRUE,32,submitBlocks,64,4,16777216,262144,10,1,1135.88,1172.49,ms
TRUE,32,submitBlocks,64,4,16777216,262144,10,1,1144.2,1179.54,ms
TRUE,32,submitBlocks,64,4,16777216,262144,10,1,1154.7,1191.33,ms
TRUE,32,submitBlocks,64,4,16777216,262144,10,1,1161.94,1194.27,ms
TRUE,32,submitBlocks,64,4,16777216,262144,10,1,1142.71,1163.92,ms
TRUE,32,submitBlocks,64,4,16777216,262144,10,1,1159.78,1185.99,ms
TRUE,32,submitBlocks,64,4,16777216,262144,10,1,1197.12,1231.99,ms
TRUE,32,submitBlocks,64,4,16777216,262144,10,1,1170.55,1204.77,ms
TRUE,4,submitBlocks,64,4,16777216,1,10,1,1222.65,50059.3,ms
TRUE,4,submitBlocks,64,4,16777216,1,10,1,1219.3,1283.89,ms
TRUE,4,submitBlocks,64,4,16777216,1,10,1,1219.31,1297.34,ms
TRUE,4,submitBlocks,64,4,16777216,1,10,1,1219.83,1280.99,ms
TRUE,4,submitBlocks,64,4,16777216,1,10,1,1220.54,1294.07,ms
TRUE,4,submitBlocks,64,4,16777216,1,10,1,1220.84,1281.4,ms
TRUE,4,submitBlocks,64,4,16777216,1,10,1,1219.24,1289.14,ms
TRUE,4,submitBlocks,64,4,16777216,1,10,1,1217.6,1276.06,ms
TRUE,4,submitBlocks,64,4,16777216,1,10,1,1218.82,1287.74,ms
TRUE,4,submitBlocks,64,4,16777216,1,10,1,1219.44,1282.3,ms
TRUE,4,submitBlocks,64,4,16777216,2,10,1,927.051,986.589,ms
TRUE,4,submitBlocks,64,4,16777216,2,10,1,934.759,997.712,ms
TRUE,4,submitBlocks,64,4,16777216,2,10,1,925.658,982.927,ms
TRUE,4,submitBlocks,64,4,16777216,2,10,1,925.827,994.166,ms
TRUE,4,submitBlocks,64,4,16777216,2,10,1,924.365,979.579,ms
TRUE,4,submitBlocks,64,4,16777216,2,10,1,926.963,991.793,ms
TRUE,4,submitBlocks,64,4,16777216,2,10,1,1161.12,1233.96,ms
TRUE,4,submitBlocks,64,4,16777216,2,10,1,926.252,986.681,ms
TRUE,4,submitBlocks,64,4,16777216,2,10,1,924.407,988.713,ms
TRUE,4,submitBlocks,64,4,16777216,2,10,1,925.991,986.074,ms
TRUE,4,submitBlocks,64,4,16777216,4,10,1,763.966,828.342,ms
TRUE,4,submitBlocks,64,4,16777216,4,10,1,765.565,820.269,ms
TRUE,4,submitBlocks,64,4,16777216,4,10,1,768.942,850.239,ms
TRUE,4,submitBlocks,64,4,16777216,4,10,1,768.906,832.684,ms
TRUE,4,submitBlocks,64,4,16777216,4,10,1,918.836,998.645,ms
TRUE,4,submitBlocks,64,4,16777216,4,10,1,800.772,886.435,ms
TRUE,4,submitBlocks,64,4,16777216,4,10,1,766.534,826.974,ms
TRUE,4,submitBlocks,64,4,16777216,4,10,1,764.198,823.808,ms
TRUE,4,submitBlocks,64,4,16777216,4,10,1,765.782,829.836,ms
TRUE,4,submitBlocks,64,4,16777216,4,10,1,766.947,827.538,ms
TRUE,4,submitBlocks,64,4,16777216,8,10,1,682.969,744.016,ms
TRUE,4,submitBlocks,64,4,16777216,8,10,1,685.757,746.435,ms
TRUE,4,submitBlocks,64,4,16777216,8,10,1,684.737,743.324,ms
TRUE,4,submitBlocks,64,4,16777216,8,10,1,688.213,750.38,ms
TRUE,4,submitBlocks,64,4,16777216,8,10,1,683.988,756.203,ms
TRUE,4,submitBlocks,64,4,16777216,8,10,1,683.88,740.189,ms
TRUE,4,submitBlocks,64,4,16777216,8,10,1,684.531,743.419,ms
TRUE,4,submitBlocks,64,4,16777216,8,10,1,684.214,738.28,ms
TRUE,4,submitBlocks,64,4,16777216,8,10,1,684.087,749.272,ms
TRUE,4,submitBlocks,64,4,16777216,8,10,1,686.612,742.99,ms
TRUE,4,submitBlocks,64,4,16777216,16,10,1,637.492,688.934,ms
TRUE,4,submitBlocks,64,4,16777216,16,10,1,637.825,696.052,ms
TRUE,4,submitBlocks,64,4,16777216,16,10,1,636.301,697.003,ms
TRUE,4,submitBlocks,64,4,16777216,16,10,1,637.088,688.084,ms
TRUE,4,submitBlocks,64,4,16777216,16,10,1,640.361,699.366,ms
TRUE,4,submitBlocks,64,4,16777216,16,10,1,639.916,700.385,ms
TRUE,4,submitBlocks,64,4,16777216,16,10,1,638.023,695.824,ms
TRUE,4,submitBlocks,64,4,16777216,16,10,1,639.04,696.767,ms
TRUE,4,submitBlocks,64,4,16777216,16,10,1,638.516,698.97,ms
TRUE,4,submitBlocks,64,4,16777216,16,10,1,641.556,701.126,ms
TRUE,4,submitBlocks,64,4,16777216,32,10,1,616.312,673.287,ms
TRUE,4,submitBlocks,64,4,16777216,32,10,1,613.64,672.816,ms
TRUE,4,submitBlocks,64,4,16777216,32,10,1,616.471,674.916,ms
TRUE,4,submitBlocks,64,4,16777216,32,10,1,614.093,673.056,ms
TRUE,4,submitBlocks,64,4,16777216,32,10,1,628.233,685.496,ms
TRUE,4,submitBlocks,64,4,16777216,32,10,1,613.916,671.919,ms
TRUE,4,submitBlocks,64,4,16777216,32,10,1,637.762,710.657,ms
TRUE,4,submitBlocks,64,4,16777216,32,10,1,615.6,674.761,ms
TRUE,4,submitBlocks,64,4,16777216,32,10,1,614.989,672.084,ms
TRUE,4,submitBlocks,64,4,16777216,32,10,1,615.278,667.774,ms
TRUE,4,submitBlocks,64,4,16777216,64,10,1,598.688,662.898,ms
TRUE,4,submitBlocks,64,4,16777216,64,10,1,591.965,643.417,ms
TRUE,4,submitBlocks,64,4,16777216,64,10,1,593.063,649.958,ms
TRUE,4,submitBlocks,64,4,16777216,64,10,1,594.282,653.622,ms
TRUE,4,submitBlocks,64,4,16777216,64,10,1,593.178,651.65,ms
TRUE,4,submitBlocks,64,4,16777216,64,10,1,595.955,655.339,ms
TRUE,4,submitBlocks,64,4,16777216,64,10,1,597.383,663.316,ms
TRUE,4,submitBlocks,64,4,16777216,64,10,1,595.504,655.299,ms
TRUE,4,submitBlocks,64,4,16777216,64,10,1,597.353,658.688,ms
TRUE,4,submitBlocks,64,4,16777216,64,10,1,592.976,648.504,ms
TRUE,4,submitBlocks,64,4,16777216,128,10,1,575.448,649.966,ms
TRUE,4,submitBlocks,64,4,16777216,128,10,1,561.543,640.939,ms
TRUE,4,submitBlocks,64,4,16777216,128,10,1,563.465,616.285,ms
TRUE,4,submitBlocks,64,4,16777216,128,10,1,565.077,691.461,ms
TRUE,4,submitBlocks,64,4,16777216,128,10,1,562.417,648.353,ms
TRUE,4,submitBlocks,64,4,16777216,128,10,1,563.096,648.186,ms
TRUE,4,submitBlocks,64,4,16777216,128,10,1,563.999,649.686,ms
TRUE,4,submitBlocks,64,4,16777216,128,10,1,562.628,649.262,ms
TRUE,4,submitBlocks,64,4,16777216,128,10,1,565.533,651.625,ms
TRUE,4,submitBlocks,64,4,16777216,128,10,1,562.101,649.725,ms
TRUE,4,submitBlocks,64,4,16777216,256,10,1,556.598,637.812,ms
TRUE,4,submitBlocks,64,4,16777216,256,10,1,556.449,642.649,ms
TRUE,4,submitBlocks,64,4,16777216,256,10,1,557.859,644.18,ms
TRUE,4,submitBlocks,64,4,16777216,256,10,1,556.909,640.702,ms
TRUE,4,submitBlocks,64,4,16777216,256,10,1,555.992,640.253,ms
TRUE,4,submitBlocks,64,4,16777216,256,10,1,555.606,638.611,ms
TRUE,4,submitBlocks,64,4,16777216,256,10,1,558.199,644.403,ms
TRUE,4,submitBlocks,64,4,16777216,256,10,1,556.283,657.963,ms
TRUE,4,submitBlocks,64,4,16777216,256,10,1,560.67,648.258,ms
TRUE,4,submitBlocks,64,4,16777216,256,10,1,555.751,637.942,ms
TRUE,4,submitBlocks,64,4,16777216,512,10,1,549.898,628.761,ms
TRUE,4,submitBlocks,64,4,16777216,512,10,1,554.283,639.756,ms
TRUE,4,submitBlocks,64,4,16777216,512,10,1,560.778,657.202,ms
TRUE,4,submitBlocks,64,4,16777216,512,10,1,550.506,625.338,ms
TRUE,4,submitBlocks,64,4,16777216,512,10,1,553.483,639.012,ms
TRUE,4,submitBlocks,64,4,16777216,512,10,1,552.885,633.995,ms
TRUE,4,submitBlocks,64,4,16777216,512,10,1,562.76,664.654,ms
TRUE,4,submitBlocks,64,4,16777216,512,10,1,550.683,635.467,ms
TRUE,4,submitBlocks,64,4,16777216,512,10,1,550.887,631.731,ms
TRUE,4,submitBlocks,64,4,16777216,512,10,1,551.096,632.864,ms
TRUE,4,submitBlocks,64,4,16777216,1024,10,1,546.922,625.043,ms
TRUE,4,submitBlocks,64,4,16777216,1024,10,1,546.819,628.621,ms
TRUE,4,submitBlocks,64,4,16777216,1024,10,1,546.255,623.419,ms
TRUE,4,submitBlocks,64,4,16777216,1024,10,1,549.104,627.506,ms
TRUE,4,submitBlocks,64,4,16777216,1024,10,1,546.06,627.381,ms
TRUE,4,submitBlocks,64,4,16777216,1024,10,1,549.909,629.467,ms
TRUE,4,submitBlocks,64,4,16777216,1024,10,1,546.058,622.242,ms
TRUE,4,submitBlocks,64,4,16777216,1024,10,1,545.228,624.608,ms
TRUE,4,submitBlocks,64,4,16777216,1024,10,1,545.535,622.646,ms
TRUE,4,submitBlocks,64,4,16777216,1024,10,1,545.793,625.953,ms
TRUE,4,submitBlocks,64,4,16777216,2048,10,1,539.816,618.628,ms
TRUE,4,submitBlocks,64,4,16777216,2048,10,1,539.072,616.985,ms
TRUE,4,submitBlocks,64,4,16777216,2048,10,1,585.412,685.179,ms
TRUE,4,submitBlocks,64,4,16777216,2048,10,1,541.554,633.004,ms
TRUE,4,submitBlocks,64,4,16777216,2048,10,1,539.685,619.747,ms
TRUE,4,submitBlocks,64,4,16777216,2048,10,1,539.568,615.733,ms
TRUE,4,submitBlocks,64,4,16777216,2048,10,1,539.424,619.101,ms
TRUE,4,submitBlocks,64,4,16777216,2048,10,1,540.223,619.177,ms
TRUE,4,submitBlocks,64,4,16777216,2048,10,1,539.607,619.296,ms
TRUE,4,submitBlocks,64,4,16777216,2048,10,1,539.969,618.065,ms
TRUE,4,submitBlocks,64,4,16777216,4096,10,1,535.979,611.305,ms
TRUE,4,submitBlocks,64,4,16777216,4096,10,1,536.995,610.022,ms
TRUE,4,submitBlocks,64,4,16777216,4096,10,1,537.832,608.17,ms
TRUE,4,submitBlocks,64,4,16777216,4096,10,1,536.209,612.386,ms
TRUE,4,submitBlocks,64,4,16777216,4096,10,1,536.898,612.01,ms
TRUE,4,submitBlocks,64,4,16777216,4096,10,1,537.111,610.141,ms
TRUE,4,submitBlocks,64,4,16777216,4096,10,1,538.435,612.466,ms
TRUE,4,submitBlocks,64,4,16777216,4096,10,1,537.483,631.022,ms
TRUE,4,submitBlocks,64,4,16777216,4096,10,1,537.193,611.844,ms
TRUE,4,submitBlocks,64,4,16777216,4096,10,1,537.628,611.423,ms
TRUE,4,submitBlocks,64,4,16777216,8192,10,1,543.852,612.132,ms
TRUE,4,submitBlocks,64,4,16777216,8192,10,1,543.155,608.428,ms
TRUE,4,submitBlocks,64,4,16777216,8192,10,1,542.805,607.301,ms
TRUE,4,submitBlocks,64,4,16777216,8192,10,1,544.047,610.367,ms
TRUE,4,submitBlocks,64,4,16777216,8192,10,1,541.563,604.932,ms
TRUE,4,submitBlocks,64,4,16777216,8192,10,1,542.949,608.666,ms
TRUE,4,submitBlocks,64,4,16777216,8192,10,1,542.989,607.304,ms
TRUE,4,submitBlocks,64,4,16777216,8192,10,1,543.932,610.229,ms
TRUE,4,submitBlocks,64,4,16777216,8192,10,1,541.967,605.653,ms
TRUE,4,submitBlocks,64,4,16777216,8192,10,1,545.578,608.238,ms
TRUE,4,submitBlocks,64,4,16777216,16384,10,1,549.773,615.734,ms
TRUE,4,submitBlocks,64,4,16777216,16384,10,1,550.159,616.413,ms
TRUE,4,submitBlocks,64,4,16777216,16384,10,1,548.715,614.516,ms
TRUE,4,submitBlocks,64,4,16777216,16384,10,1,547.851,626.801,ms
TRUE,4,submitBlocks,64,4,16777216,16384,10,1,549.524,599.945,ms
TRUE,4,submitBlocks,64,4,16777216,16384,10,1,548.409,602.745,ms
TRUE,4,submitBlocks,64,4,16777216,16384,10,1,548.797,602.326,ms
TRUE,4,submitBlocks,64,4,16777216,16384,10,1,548.646,601.174,ms
TRUE,4,submitBlocks,64,4,16777216,16384,10,1,547.611,600.919,ms
TRUE,4,submitBlocks,64,4,16777216,16384,10,1,549.651,602.29,ms
TRUE,4,submitBlocks,64,4,16777216,32768,10,1,560.08,593.216,ms
TRUE,4,submitBlocks,64,4,16777216,32768,10,1,562.33,606.637,ms
TRUE,4,submitBlocks,64,4,16777216,32768,10,1,569.064,615.6,ms
TRUE,4,submitBlocks,64,4,16777216,32768,10,1,590.652,651.417,ms
TRUE,4,submitBlocks,64,4,16777216,32768,10,1,562.811,610.637,ms
TRUE,4,submitBlocks,64,4,16777216,32768,10,1,573.682,643.56,ms
TRUE,4,submitBlocks,64,4,16777216,32768,10,1,563.869,611.773,ms
TRUE,4,submitBlocks,64,4,16777216,32768,10,1,562.863,611.891,ms
TRUE,4,submitBlocks,64,4,16777216,32768,10,1,563.363,610.984,ms
TRUE,4,submitBlocks,64,4,16777216,32768,10,1,564.24,611.436,ms
TRUE,4,submitBlocks,64,4,16777216,65536,10,1,563.925,596.85,ms
TRUE,4,submitBlocks,64,4,16777216,65536,10,1,563.028,599.95,ms
TRUE,4,submitBlocks,64,4,16777216,65536,10,1,565.784,600.872,ms
TRUE,4,submitBlocks,64,4,16777216,65536,10,1,567.145,605.135,ms
TRUE,4,submitBlocks,64,4,16777216,65536,10,1,565.094,603.132,ms
TRUE,4,submitBlocks,64,4,16777216,65536,10,1,563.708,601.722,ms
TRUE,4,submitBlocks,64,4,16777216,65536,10,1,562.856,602.898,ms
TRUE,4,submitBlocks,64,4,16777216,65536,10,1,566.876,606.416,ms
TRUE,4,submitBlocks,64,4,16777216,65536,10,1,570.268,608.74,ms
TRUE,4,submitBlocks,64,4,16777216,65536,10,1,566.716,600.803,ms
TRUE,4,submitBlocks,64,4,16777216,131072,10,1,623.862,654.024,ms
TRUE,4,submitBlocks,64,4,16777216,131072,10,1,626.898,659.59,ms
TRUE,4,submitBlocks,64,4,16777216,131072,10,1,624.856,656.086,ms
TRUE,4,submitBlocks,64,4,16777216,131072,10,1,632.838,662.599,ms
TRUE,4,submitBlocks,64,4,16777216,131072,10,1,626.149,657.225,ms
TRUE,4,submitBlocks,64,4,16777216,131072,10,1,631.053,662.328,ms
TRUE,4,submitBlocks,64,4,16777216,131072,10,1,626.475,658.433,ms
TRUE,4,submitBlocks,64,4,16777216,131072,10,1,624.705,655.992,ms
TRUE,4,submitBlocks,64,4,16777216,131072,10,1,641.217,670.209,ms
TRUE,4,submitBlocks,64,4,16777216,131072,10,1,640.929,685.929,ms
TRUE,4,submitBlocks,64,4,16777216,262144,10,1,667.424,694.031,ms
TRUE,4,submitBlocks,64,4,16777216,262144,10,1,666.414,696.798,ms
TRUE,4,submitBlocks,64,4,16777216,262144,10,1,668.069,698.314,ms
TRUE,4,submitBlocks,64,4,16777216,262144,10,1,668.071,697.262,ms
TRUE,4,submitBlocks,64,4,16777216,262144,10,1,669.185,697.327,ms
TRUE,4,submitBlocks,64,4,16777216,262144,10,1,671.516,701.852,ms
TRUE,4,submitBlocks,64,4,16777216,262144,10,1,694.213,738.387,ms
TRUE,4,submitBlocks,64,4,16777216,262144,10,1,672.129,698.747,ms
TRUE,4,submitBlocks,64,4,16777216,262144,10,1,707.456,736.432,ms
TRUE,4,submitBlocks,64,4,16777216,262144,10,1,665.207,693.806,ms
TRUE,512,submitBlocks,64,4,16777216,1,10,1,83278.7,195350,ms
TRUE,512,submitBlocks,64,4,16777216,1,10,1,83384.5,83522.9,ms
TRUE,512,submitBlocks,64,4,16777216,1,10,1,83249.7,83369.3,ms
TRUE,512,submitBlocks,64,4,16777216,1,10,1,83242.8,83373.6,ms
TRUE,512,submitBlocks,64,4,16777216,1,10,1,83221.5,83342.4,ms
TRUE,512,submitBlocks,64,4,16777216,1,10,1,83243.5,83373.1,ms
TRUE,512,submitBlocks,64,4,16777216,1,10,1,83257.7,83389.2,ms
TRUE,512,submitBlocks,64,4,16777216,1,10,1,83248.4,83382.1,ms
TRUE,512,submitBlocks,64,4,16777216,1,10,1,83256.2,83376,ms
TRUE,512,submitBlocks,64,4,16777216,1,10,1,83257.8,83390.3,ms
TRUE,512,submitBlocks,64,4,16777216,2,10,1,42302,42387.9,ms
TRUE,512,submitBlocks,64,4,16777216,2,10,1,42309.3,42429.1,ms
TRUE,512,submitBlocks,64,4,16777216,2,10,1,42293.4,42399.7,ms
TRUE,512,submitBlocks,64,4,16777216,2,10,1,42300,42412.5,ms
TRUE,512,submitBlocks,64,4,16777216,2,10,1,42298.8,42422.2,ms
TRUE,512,submitBlocks,64,4,16777216,2,10,1,42308.7,42423.3,ms
TRUE,512,submitBlocks,64,4,16777216,2,10,1,42364,42483.2,ms
TRUE,512,submitBlocks,64,4,16777216,2,10,1,42311.2,42432.3,ms
TRUE,512,submitBlocks,64,4,16777216,2,10,1,42314.7,42422.8,ms
TRUE,512,submitBlocks,64,4,16777216,2,10,1,42467.7,42584.4,ms
TRUE,512,submitBlocks,64,4,16777216,4,10,1,21867.3,21981.5,ms
TRUE,512,submitBlocks,64,4,16777216,4,10,1,21866.3,21977.6,ms
TRUE,512,submitBlocks,64,4,16777216,4,10,1,21966.2,22065.3,ms
TRUE,512,submitBlocks,64,4,16777216,4,10,1,21876.4,21971.3,ms
TRUE,512,submitBlocks,64,4,16777216,4,10,1,21869.5,21966.5,ms
TRUE,512,submitBlocks,64,4,16777216,4,10,1,21892.8,21990.2,ms
TRUE,512,submitBlocks,64,4,16777216,4,10,1,21868.9,21966.6,ms
TRUE,512,submitBlocks,64,4,16777216,4,10,1,21879.3,21976.3,ms
TRUE,512,submitBlocks,64,4,16777216,4,10,1,21927.5,22026.8,ms
TRUE,512,submitBlocks,64,4,16777216,4,10,1,21909,22014.4,ms
TRUE,512,submitBlocks,64,4,16777216,8,10,1,11637.7,11748.9,ms
TRUE,512,submitBlocks,64,4,16777216,8,10,1,11667.3,11763.4,ms
TRUE,512,submitBlocks,64,4,16777216,8,10,1,11673.4,11764,ms
TRUE,512,submitBlocks,64,4,16777216,8,10,1,11627.6,11727.8,ms
TRUE,512,submitBlocks,64,4,16777216,8,10,1,11652.1,11742.9,ms
TRUE,512,submitBlocks,64,4,16777216,8,10,1,11688.1,11779.8,ms
TRUE,512,submitBlocks,64,4,16777216,8,10,1,11619.4,11715.9,ms
TRUE,512,submitBlocks,64,4,16777216,8,10,1,11610.5,11715.1,ms
TRUE,512,submitBlocks,64,4,16777216,8,10,1,11668.9,11761,ms
TRUE,512,submitBlocks,64,4,16777216,8,10,1,11639.8,11723,ms
TRUE,64,submitBlocks,64,4,16777216,1,10,1,16856.5,67325.1,ms
TRUE,64,submitBlocks,64,4,16777216,1,10,1,16858.4,16919.8,ms
TRUE,64,submitBlocks,64,4,16777216,1,10,1,16864.2,16931.4,ms
TRUE,64,submitBlocks,64,4,16777216,1,10,1,16856.1,16919.3,ms
TRUE,64,submitBlocks,64,4,16777216,1,10,1,16853.3,16918.9,ms
TRUE,64,submitBlocks,64,4,16777216,1,10,1,16858.9,16922,ms
TRUE,64,submitBlocks,64,4,16777216,1,10,1,16859.9,16929.6,ms
TRUE,64,submitBlocks,64,4,16777216,1,10,1,16856.8,16920.5,ms
TRUE,64,submitBlocks,64,4,16777216,1,10,1,16854.5,16920.4,ms
TRUE,64,submitBlocks,64,4,16777216,1,10,1,16875.7,16939.8,ms
TRUE,64,submitBlocks,64,4,16777216,2,10,1,8875.21,8941.79,ms
TRUE,64,submitBlocks,64,4,16777216,2,10,1,8871.75,8939.64,ms
TRUE,64,submitBlocks,64,4,16777216,2,10,1,8870.31,8936.58,ms
TRUE,64,submitBlocks,64,4,16777216,2,10,1,8896.76,8964.19,ms
TRUE,64,submitBlocks,64,4,16777216,2,10,1,8863.99,8932.51,ms
TRUE,64,submitBlocks,64,4,16777216,2,10,1,8866.5,8931.97,ms
TRUE,64,submitBlocks,64,4,16777216,2,10,1,8876.5,8941.05,ms
TRUE,64,submitBlocks,64,4,16777216,2,10,1,8866.88,8943.72,ms
TRUE,64,submitBlocks,64,4,16777216,2,10,1,8878.81,8939.82,ms
TRUE,64,submitBlocks,64,4,16777216,2,10,1,8885.47,8951.58,ms
TRUE,64,submitBlocks,64,4,16777216,4,10,1,4868.09,4933.19,ms
TRUE,64,submitBlocks,64,4,16777216,4,10,1,4832.17,4932.11,ms
TRUE,64,submitBlocks,64,4,16777216,4,10,1,4829.2,4927.27,ms
TRUE,64,submitBlocks,64,4,16777216,4,10,1,4824.9,4922.21,ms
TRUE,64,submitBlocks,64,4,16777216,4,10,1,4834.16,4931.12,ms
TRUE,64,submitBlocks,64,4,16777216,4,10,1,4844.83,4941.29,ms
TRUE,64,submitBlocks,64,4,16777216,4,10,1,4841.5,4950.05,ms
TRUE,64,submitBlocks,64,4,16777216,4,10,1,4835.3,4933.62,ms
TRUE,64,submitBlocks,64,4,16777216,4,10,1,4841.09,4936.93,ms
TRUE,64,submitBlocks,64,4,16777216,4,10,1,4853.36,4952.8,ms
TRUE,64,submitBlocks,64,4,16777216,8,10,1,2826.69,2935.44,ms
TRUE,64,submitBlocks,64,4,16777216,8,10,1,2852.75,2945.06,ms
TRUE,64,submitBlocks,64,4,16777216,8,10,1,2827.58,2932.78,ms
TRUE,64,submitBlocks,64,4,16777216,8,10,1,2835.7,2927.56,ms
TRUE,64,submitBlocks,64,4,16777216,8,10,1,2833.74,2925.22,ms
TRUE,64,submitBlocks,64,4,16777216,8,10,1,2832.08,2936.85,ms
TRUE,64,submitBlocks,64,4,16777216,8,10,1,2836.72,2928.83,ms
TRUE,64,submitBlocks,64,4,16777216,8,10,1,2825.16,2918.55,ms
TRUE,64,submitBlocks,64,4,16777216,8,10,1,2836.58,2927.92,ms
TRUE,64,submitBlocks,64,4,16777216,8,10,1,2858.14,2951.6,ms
TRUE,64,submitBlocks,64,4,16777216,16,10,1,1843.54,1931.73,ms
TRUE,64,submitBlocks,64,4,16777216,16,10,1,1820.88,1920.64,ms
TRUE,64,submitBlocks,64,4,16777216,16,10,1,1821.37,1916.94,ms
TRUE,64,submitBlocks,64,4,16777216,16,10,1,1818.77,1907.32,ms
TRUE,64,submitBlocks,64,4,16777216,16,10,1,1826.5,1913.83,ms
TRUE,64,submitBlocks,64,4,16777216,16,10,1,1820.73,1909.31,ms
TRUE,64,submitBlocks,64,4,16777216,16,10,1,1822.98,1910.12,ms
TRUE,64,submitBlocks,64,4,16777216,16,10,1,1828.45,1918.01,ms
TRUE,64,submitBlocks,64,4,16777216,16,10,1,1830.6,1917.54,ms
TRUE,64,submitBlocks,64,4,16777216,16,10,1,1818.64,1906.92,ms
TRUE,64,submitBlocks,64,4,16777216,32,10,1,1316.2,1402.62,ms
TRUE,64,submitBlocks,64,4,16777216,32,10,1,1338.71,1423.63,ms
TRUE,64,submitBlocks,64,4,16777216,32,10,1,1314.91,1424.07,ms
TRUE,64,submitBlocks,64,4,16777216,32,10,1,1311.28,1397.9,ms
TRUE,64,submitBlocks,64,4,16777216,32,10,1,1315.18,1414.61,ms
TRUE,64,submitBlocks,64,4,16777216,32,10,1,1323.79,1409.98,ms
TRUE,64,submitBlocks,64,4,16777216,32,10,1,1313.23,1414.57,ms
TRUE,64,submitBlocks,64,4,16777216,32,10,1,1305.97,1392.43,ms
TRUE,64,submitBlocks,64,4,16777216,32,10,1,1310.79,1392.64,ms
TRUE,64,submitBlocks,64,4,16777216,32,10,1,1307.01,1404.41,ms
TRUE,64,submitBlocks,64,4,16777216,64,10,1,1096.57,1180.72,ms
TRUE,64,submitBlocks,64,4,16777216,64,10,1,1089.57,1175.28,ms
TRUE,64,submitBlocks,64,4,16777216,64,10,1,1089.08,1173.38,ms
TRUE,64,submitBlocks,64,4,16777216,64,10,1,1099.42,1184.29,ms
TRUE,64,submitBlocks,64,4,16777216,64,10,1,1098.24,1181.56,ms
TRUE,64,submitBlocks,64,4,16777216,64,10,1,1094.88,1180.53,ms
TRUE,64,submitBlocks,64,4,16777216,64,10,1,1095.49,1178.24,ms
TRUE,64,submitBlocks,64,4,16777216,64,10,1,1090.06,1174.27,ms
TRUE,64,submitBlocks,64,4,16777216,64,10,1,1089.16,1173.89,ms
TRUE,64,submitBlocks,64,4,16777216,64,10,1,1093.77,1177.37,ms
TRUE,64,submitBlocks,64,4,16777216,128,10,1,1018.05,1099.67,ms
TRUE,64,submitBlocks,64,4,16777216,128,10,1,1022.25,1114.57,ms
TRUE,64,submitBlocks,64,4,16777216,128,10,1,1032.49,1113.44,ms
TRUE,64,submitBlocks,64,4,16777216,128,10,1,1018.58,1113.98,ms
TRUE,64,submitBlocks,64,4,16777216,128,10,1,1018.16,1098.13,ms
TRUE,64,submitBlocks,64,4,16777216,128,10,1,1027.98,1108.45,ms
TRUE,64,submitBlocks,64,4,16777216,128,10,1,1018.82,1113.73,ms
TRUE,64,submitBlocks,64,4,16777216,128,10,1,1027.78,1107.96,ms
TRUE,64,submitBlocks,64,4,16777216,128,10,1,1021.94,1112.02,ms
TRUE,64,submitBlocks,64,4,16777216,128,10,1,1020.72,1101.72,ms
TRUE,64,submitBlocks,64,4,16777216,256,10,1,957.64,1025.32,ms
TRUE,64,submitBlocks,64,4,16777216,256,10,1,949.127,1035.53,ms
TRUE,64,submitBlocks,64,4,16777216,256,10,1,948.03,1034.06,ms
TRUE,64,submitBlocks,64,4,16777216,256,10,1,960.499,1007.13,ms
TRUE,64,submitBlocks,64,4,16777216,256,10,1,950.194,1031.94,ms
TRUE,64,submitBlocks,64,4,16777216,256,10,1,959.05,1044.18,ms
TRUE,64,submitBlocks,64,4,16777216,256,10,1,956.251,1038.7,ms
TRUE,64,submitBlocks,64,4,16777216,256,10,1,945.547,1030.08,ms
TRUE,64,submitBlocks,64,4,16777216,256,10,1,956.022,1056.11,ms
TRUE,64,submitBlocks,64,4,16777216,256,10,1,949.799,1033.12,ms
TRUE,64,submitBlocks,64,4,16777216,512,10,1,891.011,971.38,ms
TRUE,64,submitBlocks,64,4,16777216,512,10,1,946.208,1043.99,ms
TRUE,64,submitBlocks,64,4,16777216,512,10,1,888.44,985.469,ms
TRUE,64,submitBlocks,64,4,16777216,512,10,1,900.042,999.564,ms
TRUE,64,submitBlocks,64,4,16777216,512,10,1,890.947,974.32,ms
TRUE,64,submitBlocks,64,4,16777216,512,10,1,888.57,986.327,ms
TRUE,64,submitBlocks,64,4,16777216,512,10,1,890.109,973.861,ms
TRUE,64,submitBlocks,64,4,16777216,512,10,1,885.627,983.729,ms
TRUE,64,submitBlocks,64,4,16777216,512,10,1,894.864,980.371,ms
TRUE,64,submitBlocks,64,4,16777216,512,10,1,889.885,969.551,ms
TRUE,64,submitBlocks,64,4,16777216,1024,10,1,917.111,1017.17,ms
TRUE,64,submitBlocks,64,4,16777216,1024,10,1,813.556,910.992,ms
TRUE,64,submitBlocks,64,4,16777216,1024,10,1,817.797,914.594,ms
TRUE,64,submitBlocks,64,4,16777216,1024,10,1,805.58,899.019,ms
TRUE,64,submitBlocks,64,4,16777216,1024,10,1,862.896,959.621,ms
TRUE,64,submitBlocks,64,4,16777216,1024,10,1,822.387,923.386,ms
TRUE,64,submitBlocks,64,4,16777216,1024,10,1,822.919,907.936,ms
TRUE,64,submitBlocks,64,4,16777216,1024,10,1,860.107,968.114,ms
TRUE,64,submitBlocks,64,4,16777216,1024,10,1,836.405,905.729,ms
TRUE,64,submitBlocks,64,4,16777216,1024,10,1,822.524,906.187,ms
TRUE,64,submitBlocks,64,4,16777216,2048,10,1,842.547,943.944,ms
TRUE,64,submitBlocks,64,4,16777216,2048,10,1,793.287,872.881,ms
TRUE,64,submitBlocks,64,4,16777216,2048,10,1,871.068,967.594,ms
TRUE,64,submitBlocks,64,4,16777216,2048,10,1,863.961,960.067,ms
TRUE,64,submitBlocks,64,4,16777216,2048,10,1,793.905,877.313,ms
TRUE,64,submitBlocks,64,4,16777216,2048,10,1,816.679,908.733,ms
TRUE,64,submitBlocks,64,4,16777216,2048,10,1,873.738,969.651,ms
TRUE,64,submitBlocks,64,4,16777216,2048,10,1,816.831,913.14,ms
TRUE,64,submitBlocks,64,4,16777216,2048,10,1,809.252,889.224,ms
TRUE,64,submitBlocks,64,4,16777216,2048,10,1,787.523,886.018,ms
TRUE,64,submitBlocks,64,4,16777216,4096,10,1,816.957,911.076,ms
TRUE,64,submitBlocks,64,4,16777216,4096,10,1,817.579,900.594,ms
TRUE,64,submitBlocks,64,4,16777216,4096,10,1,827.743,912.039,ms
TRUE,64,submitBlocks,64,4,16777216,4096,10,1,813.533,918.594,ms
TRUE,64,submitBlocks,64,4,16777216,4096,10,1,797.074,879.928,ms
TRUE,64,submitBlocks,64,4,16777216,4096,10,1,776.692,860.66,ms
TRUE,64,submitBlocks,64,4,16777216,4096,10,1,830.981,924.433,ms
TRUE,64,submitBlocks,64,4,16777216,4096,10,1,799.052,882.079,ms
TRUE,64,submitBlocks,64,4,16777216,4096,10,1,798.154,893.597,ms
TRUE,64,submitBlocks,64,4,16777216,4096,10,1,808.096,891.151,ms
TRUE,64,submitBlocks,64,4,16777216,8192,10,1,820.737,913.357,ms
TRUE,64,submitBlocks,64,4,16777216,8192,10,1,837.048,918.665,ms
TRUE,64,submitBlocks,64,4,16777216,8192,10,1,821.476,903.465,ms
TRUE,64,submitBlocks,64,4,16777216,8192,10,1,827.533,908.772,ms
TRUE,64,submitBlocks,64,4,16777216,8192,10,1,818.337,902.219,ms
TRUE,64,submitBlocks,64,4,16777216,8192,10,1,825.096,925.786,ms
TRUE,64,submitBlocks,64,4,16777216,8192,10,1,824.096,907.628,ms
TRUE,64,submitBlocks,64,4,16777216,8192,10,1,851.73,949.751,ms
TRUE,64,submitBlocks,64,4,16777216,8192,10,1,849.619,934.721,ms
TRUE,64,submitBlocks,64,4,16777216,8192,10,1,812.535,895.844,ms
TRUE,64,submitBlocks,64,4,16777216,16384,10,1,878.938,961.026,ms
TRUE,64,submitBlocks,64,4,16777216,16384,10,1,881.59,983.778,ms
TRUE,64,submitBlocks,64,4,16777216,16384,10,1,880.418,963.149,ms
TRUE,64,submitBlocks,64,4,16777216,16384,10,1,877.82,958.259,ms
TRUE,64,submitBlocks,64,4,16777216,16384,10,1,902.306,1001.81,ms
TRUE,64,submitBlocks,64,4,16777216,16384,10,1,904.068,1001.43,ms
TRUE,64,submitBlocks,64,4,16777216,16384,10,1,918.269,1016.24,ms
TRUE,64,submitBlocks,64,4,16777216,16384,10,1,908.078,1003.22,ms
TRUE,64,submitBlocks,64,4,16777216,16384,10,1,869.901,968.1,ms
TRUE,64,submitBlocks,64,4,16777216,16384,10,1,877.724,975.324,ms
TRUE,64,submitBlocks,64,4,16777216,32768,10,1,968.326,1055.82,ms
TRUE,64,submitBlocks,64,4,16777216,32768,10,1,1010.89,1105.22,ms
TRUE,64,submitBlocks,64,4,16777216,32768,10,1,991.338,1090.06,ms
TRUE,64,submitBlocks,64,4,16777216,32768,10,1,973.41,1066.46,ms
TRUE,64,submitBlocks,64,4,16777216,32768,10,1,1003.28,1098.22,ms
TRUE,64,submitBlocks,64,4,16777216,32768,10,1,998.913,1094.95,ms
TRUE,64,submitBlocks,64,4,16777216,32768,10,1,1007.94,1099.32,ms
TRUE,64,submitBlocks,64,4,16777216,32768,10,1,973.659,1063.81,ms
TRUE,64,submitBlocks,64,4,16777216,32768,10,1,998.629,1087.83,ms
TRUE,64,submitBlocks,64,4,16777216,32768,10,1,1004.62,1097.87,ms
TRUE,64,submitBlocks,64,4,16777216,65536,10,1,1127.2,1199.79,ms
TRUE,64,submitBlocks,64,4,16777216,65536,10,1,1105.83,1161.84,ms
TRUE,64,submitBlocks,64,4,16777216,65536,10,1,1116.11,1169.89,ms
TRUE,64,submitBlocks,64,4,16777216,65536,10,1,1078.94,1141.91,ms
TRUE,64,submitBlocks,64,4,16777216,65536,10,1,1075.24,1120.41,ms
TRUE,64,submitBlocks,64,4,16777216,65536,10,1,1083.07,1144.2,ms
TRUE,64,submitBlocks,64,4,16777216,65536,10,1,1092,1152.02,ms
TRUE,64,submitBlocks,64,4,16777216,65536,10,1,1081.98,1139.76,ms
TRUE,64,submitBlocks,64,4,16777216,65536,10,1,1128.47,1192.11,ms
TRUE,64,submitBlocks,64,4,16777216,65536,10,1,1122.88,1186.86,ms
TRUE,64,submitBlocks,64,4,16777216,131072,10,1,1260.89,1304.57,ms
TRUE,64,submitBlocks,64,4,16777216,131072,10,1,1257.67,1291.17,ms
TRUE,64,submitBlocks,64,4,16777216,131072,10,1,1294.96,1347.34,ms
TRUE,64,submitBlocks,64,4,16777216,131072,10,1,1301.28,1354.43,ms
TRUE,64,submitBlocks,64,4,16777216,131072,10,1,1248,1307.48,ms
TRUE,64,submitBlocks,64,4,16777216,131072,10,1,1255.77,1306.65,ms
TRUE,64,submitBlocks,64,4,16777216,131072,10,1,1256.59,1306.55,ms
TRUE,64,submitBlocks,64,4,16777216,131072,10,1,1278.99,1330.7,ms
TRUE,64,submitBlocks,64,4,16777216,131072,10,1,1290.53,1341.82,ms
TRUE,64,submitBlocks,64,4,16777216,131072,10,1,1305.7,1352.47,ms
TRUE,64,submitBlocks,64,4,16777216,262144,10,1,1519.4,1565.23,ms
TRUE,64,submitBlocks,64,4,16777216,262144,10,1,1497.25,1543.1,ms
TRUE,64,submitBlocks,64,4,16777216,262144,10,1,1537.55,1575.61,ms
TRUE,64,submitBlocks,64,4,16777216,262144,10,1,1553.14,1594.82,ms
TRUE,64,submitBlocks,64,4,16777216,262144,10,1,1542.65,1584.29,ms
TRUE,64,submitBlocks,64,4,16777216,262144,10,1,1528.78,1557.91,ms
TRUE,64,submitBlocks,64,4,16777216,262144,10,1,1509.97,1550.29,ms
TRUE,64,submitBlocks,64,4,16777216,262144,10,1,1537.24,1579.69,ms
TRUE,64,submitBlocks,64,4,16777216,262144,10,1,1541.32,1583.51,ms
TRUE,64,submitBlocks,64,4,16777216,262144,10,1,1561.15,1605.53,ms
TRUE,8,submitBlocks,64,4,16777216,1,10,1,1829.09,49373.8,ms
TRUE,8,submitBlocks,64,4,16777216,1,10,1,1613.72,1682.26,ms
TRUE,8,submitBlocks,64,4,16777216,1,10,1,1610.82,1678.47,ms
TRUE,8,submitBlocks,64,4,16777216,1,10,1,1607.3,1677.35,ms
TRUE,8,submitBlocks,64,4,16777216,1,10,1,1610.22,1677.97,ms
TRUE,8,submitBlocks,64,4,16777216,1,10,1,1610.09,1676.27,ms
TRUE,8,submitBlocks,64,4,16777216,1,10,1,1637.12,1707.35,ms
TRUE,8,submitBlocks,64,4,16777216,1,10,1,1621.87,1707.81,ms
TRUE,8,submitBlocks,64,4,16777216,1,10,1,1623.89,1702.03,ms
TRUE,8,submitBlocks,64,4,16777216,1,10,1,1613.66,1686.44,ms
TRUE,8,submitBlocks,64,4,16777216,2,10,1,1126.23,1191.01,ms
TRUE,8,submitBlocks,64,4,16777216,2,10,1,1127.92,1197.77,ms
TRUE,8,submitBlocks,64,4,16777216,2,10,1,1127.3,1187.98,ms
TRUE,8,submitBlocks,64,4,16777216,2,10,1,1126.11,1193.07,ms
TRUE,8,submitBlocks,64,4,16777216,2,10,1,1122.82,1191.14,ms
TRUE,8,submitBlocks,64,4,16777216,2,10,1,1162.64,1224.82,ms
TRUE,8,submitBlocks,64,4,16777216,2,10,1,1120.42,1189.96,ms
TRUE,8,submitBlocks,64,4,16777216,2,10,1,1122.16,1186.72,ms
TRUE,8,submitBlocks,64,4,16777216,2,10,1,1121.67,1188.79,ms
TRUE,8,submitBlocks,64,4,16777216,2,10,1,1124.91,1187.21,ms
TRUE,8,submitBlocks,64,4,16777216,4,10,1,893.445,956.84,ms
TRUE,8,submitBlocks,64,4,16777216,4,10,1,895.718,955.236,ms
TRUE,8,submitBlocks,64,4,16777216,4,10,1,893.422,958.049,ms
TRUE,8,submitBlocks,64,4,16777216,4,10,1,905.773,965.797,ms
TRUE,8,submitBlocks,64,4,16777216,4,10,1,895.839,958.637,ms
TRUE,8,submitBlocks,64,4,16777216,4,10,1,897.35,960.929,ms
TRUE,8,submitBlocks,64,4,16777216,4,10,1,892.355,954.527,ms
TRUE,8,submitBlocks,64,4,16777216,4,10,1,896.347,955.734,ms
TRUE,8,submitBlocks,64,4,16777216,4,10,1,892.233,951.494,ms
TRUE,8,submitBlocks,64,4,16777216,4,10,1,893.516,968.485,ms
TRUE,8,submitBlocks,64,4,16777216,8,10,1,767.178,829.44,ms
TRUE,8,submitBlocks,64,4,16777216,8,10,1,770.422,833.434,ms
TRUE,8,submitBlocks,64,4,16777216,8,10,1,769.287,834.827,ms
TRUE,8,submitBlocks,64,4,16777216,8,10,1,769.176,833.686,ms
TRUE,8,submitBlocks,64,4,16777216,8,10,1,770.333,841.465,ms
TRUE,8,submitBlocks,64,4,16777216,8,10,1,769.61,833.613,ms
TRUE,8,submitBlocks,64,4,16777216,8,10,1,771.087,832.03,ms
TRUE,8,submitBlocks,64,4,16777216,8,10,1,770.593,832.797,ms
TRUE,8,submitBlocks,64,4,16777216,8,10,1,773.219,834.01,ms
TRUE,8,submitBlocks,64,4,16777216,8,10,1,769.497,831.926,ms
TRUE,8,submitBlocks,64,4,16777216,16,10,1,701.257,759.664,ms
TRUE,8,submitBlocks,64,4,16777216,16,10,1,704.583,764.971,ms
TRUE,8,submitBlocks,64,4,16777216,16,10,1,700.228,764.568,ms
TRUE,8,submitBlocks,64,4,16777216,16,10,1,700.699,761.889,ms
TRUE,8,submitBlocks,64,4,16777216,16,10,1,727.751,790.93,ms
TRUE,8,submitBlocks,64,4,16777216,16,10,1,739.521,821.079,ms
TRUE,8,submitBlocks,64,4,16777216,16,10,1,699.621,761.203,ms
TRUE,8,submitBlocks,64,4,16777216,16,10,1,721.049,786.27,ms
TRUE,8,submitBlocks,64,4,16777216,16,10,1,702.305,763.657,ms
TRUE,8,submitBlocks,64,4,16777216,16,10,1,702.53,765.284,ms
TRUE,8,submitBlocks,64,4,16777216,32,10,1,661.278,722.522,ms
TRUE,8,submitBlocks,64,4,16777216,32,10,1,648.17,708.898,ms
TRUE,8,submitBlocks,64,4,16777216,32,10,1,653.391,731.962,ms
TRUE,8,submitBlocks,64,4,16777216,32,10,1,652.359,727.937,ms
TRUE,8,submitBlocks,64,4,16777216,32,10,1,651.446,751.321,ms
TRUE,8,submitBlocks,64,4,16777216,32,10,1,669.973,750.881,ms
TRUE,8,submitBlocks,64,4,16777216,32,10,1,647.853,746.591,ms
TRUE,8,submitBlocks,64,4,16777216,32,10,1,648.23,728.557,ms
TRUE,8,submitBlocks,64,4,16777216,32,10,1,647.015,728.519,ms
TRUE,8,submitBlocks,64,4,16777216,32,10,1,652.001,732.956,ms
TRUE,8,submitBlocks,64,4,16777216,64,10,1,629.748,713.966,ms
TRUE,8,submitBlocks,64,4,16777216,64,10,1,625.01,717.335,ms
TRUE,8,submitBlocks,64,4,16777216,64,10,1,625.356,719.677,ms
TRUE,8,submitBlocks,64,4,16777216,64,10,1,624.206,729.051,ms
TRUE,8,submitBlocks,64,4,16777216,64,10,1,627.382,744.168,ms
TRUE,8,submitBlocks,64,4,16777216,64,10,1,615.453,705.127,ms
TRUE,8,submitBlocks,64,4,16777216,64,10,1,635.239,730.007,ms
TRUE,8,submitBlocks,64,4,16777216,64,10,1,623.952,718.551,ms
TRUE,8,submitBlocks,64,4,16777216,64,10,1,616.709,708.026,ms
TRUE,8,submitBlocks,64,4,16777216,64,10,1,615.591,706.859,ms
TRUE,8,submitBlocks,64,4,16777216,128,10,1,611.828,699.771,ms
TRUE,8,submitBlocks,64,4,16777216,128,10,1,610.817,701.034,ms
TRUE,8,submitBlocks,64,4,16777216,128,10,1,601.875,696.825,ms
TRUE,8,submitBlocks,64,4,16777216,128,10,1,602.873,687.56,ms
TRUE,8,submitBlocks,64,4,16777216,128,10,1,601.746,693.001,ms
TRUE,8,submitBlocks,64,4,16777216,128,10,1,606.215,701.986,ms
TRUE,8,submitBlocks,64,4,16777216,128,10,1,602.568,690.518,ms
TRUE,8,submitBlocks,64,4,16777216,128,10,1,602.245,691.474,ms
TRUE,8,submitBlocks,64,4,16777216,128,10,1,605.138,692.748,ms
TRUE,8,submitBlocks,64,4,16777216,128,10,1,601.479,692.999,ms
TRUE,8,submitBlocks,64,4,16777216,256,10,1,599.38,687.264,ms
TRUE,8,submitBlocks,64,4,16777216,256,10,1,602.641,693.184,ms
TRUE,8,submitBlocks,64,4,16777216,256,10,1,601.223,690.864,ms
TRUE,8,submitBlocks,64,4,16777216,256,10,1,600.503,686.767,ms
TRUE,8,submitBlocks,64,4,16777216,256,10,1,650.066,752.564,ms
TRUE,8,submitBlocks,64,4,16777216,256,10,1,600.437,688.43,ms
TRUE,8,submitBlocks,64,4,16777216,256,10,1,601.32,695.025,ms
TRUE,8,submitBlocks,64,4,16777216,256,10,1,593.482,685.68,ms
TRUE,8,submitBlocks,64,4,16777216,256,10,1,594.417,685.85,ms
TRUE,8,submitBlocks,64,4,16777216,256,10,1,592.726,682.935,ms
TRUE,8,submitBlocks,64,4,16777216,512,10,1,587.035,676.326,ms
TRUE,8,submitBlocks,64,4,16777216,512,10,1,587.53,673.544,ms
TRUE,8,submitBlocks,64,4,16777216,512,10,1,587.827,674.992,ms
TRUE,8,submitBlocks,64,4,16777216,512,10,1,586.026,673.737,ms
TRUE,8,submitBlocks,64,4,16777216,512,10,1,586.896,673.864,ms
TRUE,8,submitBlocks,64,4,16777216,512,10,1,586.736,672.018,ms
TRUE,8,submitBlocks,64,4,16777216,512,10,1,588.114,673.52,ms
TRUE,8,submitBlocks,64,4,16777216,512,10,1,587.216,671.236,ms
TRUE,8,submitBlocks,64,4,16777216,512,10,1,586.851,672.234,ms
TRUE,8,submitBlocks,64,4,16777216,512,10,1,594.428,678.86,ms
TRUE,8,submitBlocks,64,4,16777216,1024,10,1,580.502,666.116,ms
TRUE,8,submitBlocks,64,4,16777216,1024,10,1,581.153,668.451,ms
TRUE,8,submitBlocks,64,4,16777216,1024,10,1,581.231,670.523,ms
TRUE,8,submitBlocks,64,4,16777216,1024,10,1,588.512,673.921,ms
TRUE,8,submitBlocks,64,4,16777216,1024,10,1,585.161,672.047,ms
TRUE,8,submitBlocks,64,4,16777216,1024,10,1,586.127,676.779,ms
TRUE,8,submitBlocks,64,4,16777216,1024,10,1,585.432,670.32,ms
TRUE,8,submitBlocks,64,4,16777216,1024,10,1,580.133,665.969,ms
TRUE,8,submitBlocks,64,4,16777216,1024,10,1,580.053,663.721,ms
TRUE,8,submitBlocks,64,4,16777216,1024,10,1,586.558,671.066,ms
TRUE,8,submitBlocks,64,4,16777216,2048,10,1,579.01,655.038,ms
TRUE,8,submitBlocks,64,4,16777216,2048,10,1,583.057,667.636,ms
TRUE,8,submitBlocks,64,4,16777216,2048,10,1,580.276,675.493,ms
TRUE,8,submitBlocks,64,4,16777216,2048,10,1,582.378,669.211,ms
TRUE,8,submitBlocks,64,4,16777216,2048,10,1,577.616,660.189,ms
TRUE,8,submitBlocks,64,4,16777216,2048,10,1,578.621,661.356,ms
TRUE,8,submitBlocks,64,4,16777216,2048,10,1,581.372,664.225,ms
TRUE,8,submitBlocks,64,4,16777216,2048,10,1,581.198,664.435,ms
TRUE,8,submitBlocks,64,4,16777216,2048,10,1,577.014,660.227,ms
TRUE,8,submitBlocks,64,4,16777216,2048,10,1,578.393,661.044,ms
TRUE,8,submitBlocks,64,4,16777216,4096,10,1,585.458,669.115,ms
TRUE,8,submitBlocks,64,4,16777216,4096,10,1,587.081,663.659,ms
TRUE,8,submitBlocks,64,4,16777216,4096,10,1,587.351,665.701,ms
TRUE,8,submitBlocks,64,4,16777216,4096,10,1,614.227,695.99,ms
TRUE,8,submitBlocks,64,4,16777216,4096,10,1,588.64,669.539,ms
TRUE,8,submitBlocks,64,4,16777216,4096,10,1,586.787,665.532,ms
TRUE,8,submitBlocks,64,4,16777216,4096,10,1,601.424,684.422,ms
TRUE,8,submitBlocks,64,4,16777216,4096,10,1,585.959,665.562,ms
TRUE,8,submitBlocks,64,4,16777216,4096,10,1,606.39,686.359,ms
TRUE,8,submitBlocks,64,4,16777216,4096,10,1,586.786,665.423,ms
TRUE,8,submitBlocks,64,4,16777216,8192,10,1,591.278,670.661,ms
TRUE,8,submitBlocks,64,4,16777216,8192,10,1,592.697,665.266,ms
TRUE,8,submitBlocks,64,4,16777216,8192,10,1,589.595,661.932,ms
TRUE,8,submitBlocks,64,4,16777216,8192,10,1,590.14,661.571,ms
TRUE,8,submitBlocks,64,4,16777216,8192,10,1,593.244,665.194,ms
TRUE,8,submitBlocks,64,4,16777216,8192,10,1,591.018,663.353,ms
TRUE,8,submitBlocks,64,4,16777216,8192,10,1,589.334,664.297,ms
TRUE,8,submitBlocks,64,4,16777216,8192,10,1,590.167,664.283,ms
TRUE,8,submitBlocks,64,4,16777216,8192,10,1,590.492,663.78,ms
TRUE,8,submitBlocks,64,4,16777216,8192,10,1,590.33,667.387,ms
TRUE,8,submitBlocks,64,4,16777216,16384,10,1,616.542,665.813,ms
TRUE,8,submitBlocks,64,4,16777216,16384,10,1,613.99,683.121,ms
TRUE,8,submitBlocks,64,4,16777216,16384,10,1,613.275,685.688,ms
TRUE,8,submitBlocks,64,4,16777216,16384,10,1,613.63,682.592,ms
TRUE,8,submitBlocks,64,4,16777216,16384,10,1,614.773,682.495,ms
TRUE,8,submitBlocks,64,4,16777216,16384,10,1,614.092,683.1,ms
TRUE,8,submitBlocks,64,4,16777216,16384,10,1,613.432,683.422,ms
TRUE,8,submitBlocks,64,4,16777216,16384,10,1,614.843,684.818,ms
TRUE,8,submitBlocks,64,4,16777216,16384,10,1,613.322,684.778,ms
TRUE,8,submitBlocks,64,4,16777216,16384,10,1,613.204,683.399,ms
TRUE,8,submitBlocks,64,4,16777216,32768,10,1,634.17,704.306,ms
TRUE,8,submitBlocks,64,4,16777216,32768,10,1,629.935,696.91,ms
TRUE,8,submitBlocks,64,4,16777216,32768,10,1,630.804,674.466,ms
TRUE,8,submitBlocks,64,4,16777216,32768,10,1,633.012,684.643,ms
TRUE,8,submitBlocks,64,4,16777216,32768,10,1,634.234,679.306,ms
TRUE,8,submitBlocks,64,4,16777216,32768,10,1,630.82,676.468,ms
TRUE,8,submitBlocks,64,4,16777216,32768,10,1,637.336,684.994,ms
TRUE,8,submitBlocks,64,4,16777216,32768,10,1,632.791,677.265,ms
TRUE,8,submitBlocks,64,4,16777216,32768,10,1,634.678,679.568,ms
TRUE,8,submitBlocks,64,4,16777216,32768,10,1,636.94,681.235,ms
TRUE,8,submitBlocks,64,4,16777216,65536,10,1,686.799,737.345,ms
TRUE,8,submitBlocks,64,4,16777216,65536,10,1,651.538,689.905,ms
TRUE,8,submitBlocks,64,4,16777216,65536,10,1,656.784,691.147,ms
TRUE,8,submitBlocks,64,4,16777216,65536,10,1,668.869,716.746,ms
TRUE,8,submitBlocks,64,4,16777216,65536,10,1,651.493,685.191,ms
TRUE,8,submitBlocks,64,4,16777216,65536,10,1,695.548,749.501,ms
TRUE,8,submitBlocks,64,4,16777216,65536,10,1,650.999,686.629,ms
TRUE,8,submitBlocks,64,4,16777216,65536,10,1,650.2,691.025,ms
TRUE,8,submitBlocks,64,4,16777216,65536,10,1,656.588,690.559,ms
TRUE,8,submitBlocks,64,4,16777216,65536,10,1,699.708,747.071,ms
TRUE,8,submitBlocks,64,4,16777216,131072,10,1,710.569,743.741,ms
TRUE,8,submitBlocks,64,4,16777216,131072,10,1,702.183,733.259,ms
TRUE,8,submitBlocks,64,4,16777216,131072,10,1,707.816,740.888,ms
TRUE,8,submitBlocks,64,4,16777216,131072,10,1,707.74,738.903,ms
TRUE,8,submitBlocks,64,4,16777216,131072,10,1,723.477,775.876,ms
TRUE,8,submitBlocks,64,4,16777216,131072,10,1,699.812,732.814,ms
TRUE,8,submitBlocks,64,4,16777216,131072,10,1,709.184,756.288,ms
TRUE,8,submitBlocks,64,4,16777216,131072,10,1,706.694,726.444,ms
TRUE,8,submitBlocks,64,4,16777216,131072,10,1,700.677,734.151,ms
TRUE,8,submitBlocks,64,4,16777216,131072,10,1,702.798,738.265,ms
TRUE,8,submitBlocks,64,4,16777216,262144,10,1,826.83,856.975,ms
TRUE,8,submitBlocks,64,4,16777216,262144,10,1,828.106,855.119,ms
TRUE,8,submitBlocks,64,4,16777216,262144,10,1,833.813,860.197,ms
TRUE,8,submitBlocks,64,4,16777216,262144,10,1,842.377,867.458,ms
TRUE,8,submitBlocks,64,4,16777216,262144,10,1,870.835,913.753,ms
TRUE,8,submitBlocks,64,4,16777216,262144,10,1,852.724,891.423,ms
TRUE,8,submitBlocks,64,4,16777216,262144,10,1,862.427,899.965,ms
TRUE,8,submitBlocks,64,4,16777216,262144,10,1,856.236,891.855,ms
TRUE,8,submitBlocks,64,4,16777216,262144,10,1,869.533,911.451,ms
TRUE,8,submitBlocks,64,4,16777216,262144,10,1,858.755,902.889,ms
